12214 39.4298611111111 -0.403611111111111 46200 
5613 39.4655277777778 -0.369666666666667 46005 
14278 39.4683333333333 -0.390777777777778 46018 
5229 39.4701944444444 -0.389916666666667 46008 
5821 39.4127777777778 -0.398888888888889 46470 
5710 39.4736944444444 -0.400055555555556 46018 
5749 39.4232222222222 -0.383138888888889 46910 
56264 39.4754166666667 -0.357305555555556 46010 
5527 39.4266666666667 -0.393333333333333 46910 
5352 39.4691944444444 -0.399222222222222 46018 
5487 39.4853055555556 -0.327444444444444 46011 
9543 39.4674166666667 -0.372861111111111 46004 
5482 39.4753055555556 -0.369111111111111 46003 
5319 39.4653055555556 -0.387444444444444 46007 
5682 39.4673055555556 -0.367083333333333 46005 
5673 39.4788611111111 -0.361138888888889 46010 
23616 39.4699222222222 -0.375616666666667 46002 
5662 39.4606944444444 -0.333055555555556 46024 
5449 39.4673055555556 -0.385388888888889 46007 
11577 39.4213888888889 -0.388388888888889 46910 
5869 39.4295277777778 -0.421611111111111 46200 
5464 39.4726111111111 -0.375194444444444 46002 
5599 39.4611111111111 -0.376333333333333 46006 
6660 39.4295277777778 -0.421611111111111 46200 
5724 39.4783888888889 -0.382305555555556 46003 
9863 39.4801944444444 -0.390583333333333 46009 
5728 39.4501111111111 -0.380944444444444 46026 
9628 39.4661277777778 -0.374475 46004 
5789 39.4666944444444 -0.365055555555556 46005 
9877 39.4668055555556 -0.361305555555556 46005 
5566 39.4588055555556 -0.392777777777778 46017 
8796 39.3978333333333 -0.401194444444444 46470 
5849 39.4292222222222 -0.416416666666667 46200 
14856 39.4610555555556 -0.347361111111111 46023 
5739 39.4881111111111 -0.362583333333333 46020 
5646 39.489 -0.359805555555556 46020 
5493 39.4533055555556 -0.371638888888889 46026 
5234 39.4583055555556 -0.373527777777778 46006 
5744 39.4666111111111 -0.340138888888889 46022 
5666 39.4307888888889 -0.379630555555556 46026 
5637 39.4793055555556 -0.362666666666667 46010 
5548 39.4219444444444 -0.394444444444444 46910 
5559 39.4761111111111 -0.356111111111111 46010 
61019 39.47275 -0.324083333333333 46011 
11294 39.4670833333333 -0.369555555555556 46005 
5534 39.4846944444444 -0.374305555555556 46009 
5608 39.4805 -0.350722222222222 46021 
5437 39.4753055555556 -0.387 46008 
10514 39.4588055555556 -0.36775 46006 
10547 39.4550555555556 -0.390861111111111 46017 
5484 39.4648888888889 -0.395472222222222 46018 
5675 39.4638055555556 -0.362305555555556 46005 
10360 39.4793055555556 -0.362666666666667 46010 
10441 39.4768055555556 -0.372861111111111 46003 
11500 39.4678888888889 -0.373777777777778 46004 
12146 39.4791111111111 -0.371527777777778 46003 
5504 39.4789166666667 -0.345611111111111 46021 
5291 39.4856111111111 -0.381277777777778 46009 
5743 39.4296111111111 -0.359861111111111 46026 
5679 39.4678611111111 -0.360055555555556 46005 
5688 39.4663055555556 -0.347944444444444 46023 
5445 39.4905 -0.368666666666667 46019 
5396 39.4648888888889 -0.395472222222222 46018 
5255 39.4666111111111 -0.340138888888889 46022 
5855 39.4127777777778 -0.398888888888889 46470 
5795 39.4816666666667 -0.389361111111111 46009 
5615 39.4718305555556 -0.375819444444444 46002 
9899 39.4571111111111 -0.38625 46007 
10434 39.4266666666667 -0.393333333333333 46910 
12894 39.4401944444444 -0.388305555555556 46017 
58417 39.4708333333333 -0.370555555555556 46002 
5251 39.4801944444444 -0.390583333333333 46009 
5512 39.4718055555556 -0.33125 46011 
61250 39.4700555555556 -0.342555555555556 46022 
58415 39.4584194444444 -0.345741666666667 46012 
5571 39.4673888888889 -0.353277777777778 46023 
5590 39.4678888888889 -0.373777777777778 46004 
5249 39.4688888888889 -0.366805555555556 46004 
5616 39.4401944444444 -0.388305555555556 46017 
10395 39.4533888888889 -0.374833333333333 46026 
5398 39.4743888888889 -0.346444444444444 46022 
5753 39.4758055555556 -0.344111111111111 46022 
56568 39.4683333333333 -0.374722222222222 46002 
13838 39.3990277777778 -0.413333333333333 46470 
5696 39.4296111111111 -0.359861111111111 46026 
5611 39.4753055555556 -0.394138888888889 46018 
10500 39.4751111111111 -0.328055555555556 46011 
5295 39.4633055555556 -0.337416666666667 46022 
9951 39.4761111111111 -0.356111111111111 46010 
9438 39.4753888888889 -0.358583333333333 46010 
63265 39.4666111111111 -0.365277777777778 46005 
5677 39.4221944444444 -0.338972222222222 46012 
9894 39.4232222222222 -0.383138888888889 46910 
9518 39.4668055555556 -0.361305555555556 46005 
5243 39.4605 -0.405166666666667 46014 
18838 39.4172222222222 -0.378611111111111 46910 
11617 39.4556944444444 -0.35575 46013 
5432 39.4605861111111 -0.369033333333333 46006 
12707 39.4172222222222 -0.378611111111111 46910 
64256 39.4805027777778 -0.352619444444444 46021 
9624 39.4813055555556 -0.342333333333333 46022 
61060 39.4882027777778 -0.374041666666667 46009 
5310 39.4688888888889 -0.381666666666667 46007 
5323 39.4588055555556 -0.36775 46006 
9824 39.4858055555556 -0.361083333333333 46020 
5626 39.4809722222222 -0.355972222222222 46020 
10324 39.4605861111111 -0.369033333333333 46006 
10362 39.4638055555556 -0.362305555555556 46005 
5532 39.4551944444444 -0.402861111111111 46014 
11247 39.4736944444444 -0.400055555555556 46018 
9638 39.4741111111111 -0.378277777777778 46001 
5514 39.4588055555556 -0.36775 46006 
9507 39.4711111111111 -0.338777777777778 46022 
9915 39.4673888888889 -0.379944444444444 46007 
5635 39.46325 -0.323305555555556 46024 
5737 39.4259722222222 -0.387416666666667 46910 
5552 39.4766111111111 -0.379444444444444 46001 
5537 39.4635277777778 -0.408277777777778 46014 
60816 39.4778888888889 -0.376277777777778 46003 
5606 39.4726111111111 -0.375194444444444 46002 
5623 39.4571111111111 -0.38625 46007 
5403 39.4533055555556 -0.371638888888889 46026 
5477 39.4611111111111 -0.376333333333333 46006 
5536 39.4673055555556 -0.385388888888889 46007 
5589 39.4703888888889 -0.375944444444444 46002 
9457 39.4668888888889 -0.331944444444444 46011 
12921 39.4736666666667 -0.367 46003 
15000 39.4685611111111 -0.373419444444444 46002 
11393 39.4774166666667 -0.394083333333333 46008 
15053 39.4381944444444 -0.350138888888889 46013 
9809 39.4611111111111 -0.376333333333333 46006 
5776 39.4666944444444 -0.365055555555556 46005 
5729 39.4219444444444 -0.394444444444444 46910 
9533 39.4673055555556 -0.367083333333333 46005 
9479 39.4221944444444 -0.338972222222222 46012 
9869 39.4668888888889 -0.331944444444444 46011 
9883 39.4726111111111 -0.375194444444444 46002 
13444 39.4696527777778 -0.374691666666667 46002 
5516 39.4781444444444 -0.375747222222222 46003 
6212 39.4298611111111 -0.403611111111111 46200 
14344 39.4635277777778 -0.408277777777778 46014 
14670 39.4381944444444 -0.350138888888889 46013 
57686 39.47625 -0.377972222222222 46001 
13175 39.4713305555556 -0.385177777777778 46008 
5420 39.4533888888889 -0.333166666666667 46024 
13764 39.4625 -0.3705 46006 
5488 39.4491111111111 -0.332805555555556 46024 
5279 39.4533888888889 -0.333166666666667 46024 
5734 39.4881111111111 -0.362583333333333 46020 
5380 39.4673888888889 -0.379944444444444 46007 
5709 39.4835 -0.359944444444444 46014 
5851 39.4047222222222 -0.402222222222222 46470 
5454 39.4678611111111 -0.360055555555556 46005 
5350 39.4659166666667 -0.363277777777778 46005 
11253 39.4606944444444 -0.333055555555556 46024 
9839 39.4701944444444 -0.389916666666667 46008 
9441 39.4601944444444 -0.382888888888889 46007 
5671 39.4523055555556 -0.391055555555556 46017 
12054 39.4694722222222 -0.375472222222222 46002 
5296 39.4523055555556 -0.391055555555556 46017 
11360 39.4588611111111 -0.343805555555556 46023 
58421 39.4725 -0.369166666666667 46003 
14840 39.3992027777778 -0.396036111111111 46470 
14551 39.4709444444444 -0.377222222222222 46002 
10354 39.4881111111111 -0.362583333333333 46020 
12394 39.3992027777778 -0.396036111111111 46470 
5460 39.4736944444444 -0.400055555555556 46018 
12160 39.4705 -0.378583333333333 46001 
10431 39.4768055555556 -0.372861111111111 46003 
5326 39.4703055555556 -0.354 46021 
9874 39.4791111111111 -0.371527777777778 46003 
9803 39.4785 -0.326638888888889 46011 
7206 39.3986944444444 -0.41 46470 
8610 39.4047222222222 -0.402222222222222 46470 
5757 39.463 -0.388944444444444 46007 
5667 39.4633055555556 -0.337416666666667 46022 
5492 39.4753055555556 -0.387 46008 
5364 39.4776444444444 -0.359944444444444 46010 
9945 39.4213888888889 -0.388388888888889 46910 
9878 39.4751666666667 -0.377055555555556 46001 
5519 39.4543055555556 -0.383527777777778 46017 
5496 39.4846944444444 -0.374305555555556 46009 
5771 39.4728333333333 -0.392472222222222 46018 
5247 39.4751111111111 -0.351027777777778 46021 
10440 39.4678888888889 -0.373777777777778 46004 
6691 39.3934555555556 -0.404180555555556 46470 
5892 39.4298611111111 -0.403611111111111 46200 
15109 39.4816666666667 -0.389361111111111 46009 
9946 39.4713888888889 -0.346972222222222 46022 
5523 39.4673055555556 -0.385388888888889 46007 
5257 39.4835 -0.359944444444444 46010 
5282 39.4501111111111 -0.380944444444444 46026 
5584 39.4663055555556 -0.347944444444444 46023 
5793 39.4718305555556 -0.375819444444444 46002 
5333 39.4631944444444 -0.366 46005 
5620 39.4381944444444 -0.350138888888889 46013 
11409 39.4673888888889 -0.353277777777778 46023 
5509 39.4625 -0.3705 46006 
14298 39.3934555555556 -0.404180555555556 46470 
5254 39.4711111111111 -0.338777777777778 46022 
13763 39.4699166666667 -0.378472222222222 46001 
60072 39.4683055555556 -0.338111111111111 46022 
5354 39.4458055555556 -0.367305555555556 46026 
5561 39.4666111111111 -0.340138888888889 46022 
5535 39.4634916666667 -0.350933333333333 46023 
5238 39.4673888888889 -0.353277777777778 46023 
58491 39.4725 -0.369166666666667 46003 
5658 39.4583055555556 -0.373527777777778 46006 
9514 39.4618527777778 -0.372438888888889 46006 
5270 39.4756666666667 -0.37425 46001 
5862 39.3934555555556 -0.404180555555556 46470 
11459 39.4860555555556 -0.363472222222222 46010 
5236 39.4633055555556 -0.337416666666667 46022 
9640 39.4678611111111 -0.360055555555556 46005 
6229 39.3992027777778 -0.396036111111111 46470 
5804 39.4784722222222 -0.350805555555556 46021 
11269 39.4703055555556 -0.383388888888889 46007 
11315 39.4853055555556 -0.327444444444444 46011 
5758 39.4601944444444 -0.382888888888889 46007 
5763 39.4380555555556 -0.375694444444444 46026 
5402 39.4606944444444 -0.333055555555556 46024 
5780 39.4753055555556 -0.387 46008 
14671 39.4581388888889 -0.355805555555556 46013 
9849 39.4680833333333 -0.364972222222222 46005 
5452 39.4543055555556 -0.383527777777778 46017 
10528 39.4656111111111 -0.383611111111111 46007 
56822 39.4683333333333 -0.374722222222222 46002 
13758 39.4728055555556 -0.371 46003 
5689 39.4835 -0.359944444444444 46010 
5633 39.4533888888889 -0.374833333333333 46026 
9508 39.4658888888889 -0.372083333333333 46005 
5335 39.4588055555556 -0.392777777777778 46017 
5558 39.4703888888889 -0.378277777777778 46001 
13760 39.46625 -0.381333333333333 46007 
11324 39.4791111111111 -0.371527777777778 46003 
5880 39.3978333333333 -0.401194444444444 46470 
5505 39.4766111111111 -0.379444444444444 46001 
56592 39.4539444444444 -0.348555555555556 46012 
6537 39.4292222222222 -0.416416666666667 46200 
13582 39.4691944444444 -0.373222222222222 46002 
12954 39.4718055555556 -0.349583333333333 46021 
10338 39.4753055555556 -0.369111111111111 46003 
5513 39.4631944444444 -0.366 46005 
9807 39.4653055555556 -0.387444444444444 46007 
5553 39.4753055555556 -0.369111111111111 46003 
11306 39.4768055555556 -0.372861111111111 46003 
5762 39.4805 -0.350722222222222 46021 
9927 39.4296111111111 -0.359861111111111 46026 
5687 39.4703055555556 -0.354 46021 
5481 39.4718305555556 -0.375819444444444 46002 
11311 39.3845 -0.332055555555556 46012 
5395 39.4753888888889 -0.358583333333333 46010 
5540 39.4753055555556 -0.394138888888889 46018 
5618 39.4705 -0.378583333333333 46001 
5474 39.4556027777778 -0.374330555555556 46006 
10384 39.4728055555556 -0.371 46003 
5528 39.457 -0.363555555555556 46013 
5715 39.4691944444444 -0.399222222222222 46018 
5430 39.4713888888889 -0.346972222222222 46022 
8635 39.4065555555556 -0.388472222222222 46470 
5276 39.4743888888889 -0.346444444444444 46022 
11386 39.4666944444444 -0.365055555555556 46005 
5560 39.4353333333333 -0.388194444444444 46017 
5778 39.4588611111111 -0.343805555555556 46023 
5754 39.4707777777778 -0.387694444444444 46008 
5495 39.4793055555556 -0.362666666666667 46010 
5643 39.4835 -0.359944444444444 46014 
5392 39.4635277777778 -0.408277777777778 46014 
5640 39.463 -0.388944444444444 46007 
5654 39.4856111111111 -0.381277777777778 46009 
9517 39.469 -0.364305555555556 46005 
5502 39.4605861111111 -0.369033333333333 46006 
7156 39.4088888888889 -0.404166666666667 46470 
5468 39.4781444444444 -0.375747222222222 46003 
5341 39.4663055555556 -0.347944444444444 46023 
5650 39.4751111111111 -0.351027777777778 46021 
5634 39.4630555555556 -0.386063888888889 46007 
9446 39.4606944444444 -0.363722222222222 46006 
5693 39.3845 -0.332055555555556 46012 
5486 39.4600777777778 -0.372897222222222 46006 
5761 39.4213888888889 -0.388388888888889 46910 
5781 39.463 -0.388944444444444 46007 
9630 39.4721944444444 -0.375083333333333 46002 
5476 39.4635277777778 -0.408277777777778 46014 
5701 39.4673055555556 -0.367083333333333 46005 
5764 39.4785 -0.326638888888889 46011 
5421 39.4753055555556 -0.394138888888889 46018 
10544 39.4545 -0.35225 46013 
5719 39.4648888888889 -0.395472222222222 46018 
5624 39.4733055555556 -0.330305555555556 46011 
10397 39.4307888888889 -0.379630555555556 46026 
5777 39.4694722222222 -0.351 46021 
12087 39.4353333333333 -0.388194444444444 46017 
5501 39.4759166666667 -0.358305555555556 46010 
9871 39.4677777777778 -0.385861111111111 46008 
5244 39.4658888888889 -0.372083333333333 46005 
10347 39.4628888888889 -0.343444444444444 46023 
11394 39.4221944444444 -0.338972222222222 46012 
9858 39.4694722222222 -0.375472222222222 46002 
14683 39.4713888888889 -0.371666666666667 46002 
11488 39.4491111111111 -0.332805555555556 46024 
9932 39.4691666666667 -0.369888888888889 46004 
5252 39.4634916666667 -0.350933333333333 46023 
9864 39.4703888888889 -0.375944444444444 46002 
5289 39.4606944444444 -0.363722222222222 46006 
61067 39.4644166666667 -0.343055555555556 46023 
5344 39.4733055555556 -0.330305555555556 46011 
5264 39.4653055555556 -0.387444444444444 46007 
5785 39.4686388888889 -0.389194444444444 46018 
56558 39.4683333333333 -0.374722222222222 46002 
5306 39.4719166666667 -0.342083333333333 46022 
5507 39.4259722222222 -0.387416666666667 46910 
5525 39.4491111111111 -0.332805555555556 46024 
57553 39.4708333333333 -0.370555555555556 46002 
5800 39.4604305555556 -0.385469444444444 46007 
5439 39.4583055555556 -0.373527777777778 46006 
10471 39.4551944444444 -0.402861111111111 46014 
5290 39.4686388888889 -0.389194444444444 46018 
5314 39.4711111111111 -0.338777777777778 46022 
14013 39.4380555555556 -0.375694444444444 46026 
52917 39.4816666666667 -0.388611111111111 46009 
5231 39.4718055555556 -0.33125 46011 
10449 39.4686666666667 -0.373 46004 
5298 39.4862611111111 -0.357805555555556 46020 
5678 39.4634916666667 -0.350933333333333 46023 
10476 39.4533055555556 -0.371638888888889 46026 
5788 39.4743888888889 -0.346444444444444 46022 
5263 39.4644444444444 -0.381333333333333 46007 
13462 39.4605 -0.405166666666667 46014 
5796 39.4458055555556 -0.367305555555556 46026 
5657 39.4905 -0.368666666666667 46019 
10542 39.4668888888889 -0.331944444444444 46011 
5259 39.4835 -0.359944444444444 46010 
5503 39.4855 -0.369888888888889 46009 
5720 39.4813055555556 -0.342333333333333 46022 
5529 39.4631944444444 -0.366 46005 
60570 39.4755277777778 -0.390888888888889 46008 
5253 39.4694722222222 -0.375472222222222 46002 
5506 39.4353333333333 -0.388194444444444 46017 
5458 39.4905 -0.368666666666667 46019 
13759 39.4747194444444 -0.373047222222222 46003 
55472 39.4761111111111 -0.356111111111111 46010 
56577 39.4683333333333 -0.374722222222222 46002 
5450 39.4533888888889 -0.374833333333333 46026 
5381 39.4853055555556 -0.327444444444444 46011 
13856 39.4545 -0.35225 46013 
7396 39.4065555555556 -0.388472222222222 46470 
5461 39.489 -0.359805555555556 46020 
5384 39.4830555555556 -0.359722222222222 46010 
5339 39.4785 -0.326638888888889 46011 
5690 39.4703055555556 -0.383388888888889 46007 
11361 39.4731666666667 -0.375444444444444 46002 
10527 39.4756666666667 -0.342416666666667 46022 
9568 39.4691944444444 -0.399222222222222 46018 
10446 39.4673888888889 -0.379944444444444 46007 
11454 39.4539444444444 -0.348555555555556 46012 
6694 39.4127777777778 -0.398888888888889 46470 
5260 39.489 -0.359805555555556 46020 
5934 39.4047222222222 -0.402222222222222 46470 
5446 39.4718055555556 -0.33125 46011 
5582 39.4606944444444 -0.363722222222222 46006 
5631 39.4783888888889 -0.382305555555556 46003 
5721 39.4668055555556 -0.361305555555556 46005 
5760 39.4458055555556 -0.367305555555556 46026 
5324 39.4728888888889 -0.382722222222222 46001 
5358 39.4543055555556 -0.383527777777778 46017 
11598 39.4545 -0.35225 46013 
5518 39.4523055555556 -0.391055555555556 46017 
5746 39.4705 -0.378583333333333 46001 
5649 39.4741111111111 -0.378277777777778 46001 
5551 39.4625 -0.3705 46006 
5824 39.4295277777778 -0.421611111111111 46200 
13459 39.4703888888889 -0.375944444444444 46002 
5612 39.4766111111111 -0.379444444444444 46001 
9636 39.4658888888889 -0.372083333333333 46005 
10407 39.4753888888889 -0.358583333333333 46010 
9947 39.4835 -0.359944444444444 46014 
5659 39.4688888888889 -0.366805555555556 46004 
5581 39.4801944444444 -0.390583333333333 46009 
9539 39.4790833333333 -0.354361111111111 46010 
5549 39.4232222222222 -0.383138888888889 46910 
6481 39.3978333333333 -0.401194444444444 46470 
5273 39.4588055555556 -0.392777777777778 46017 
9944 39.475 -0.372805555555556 46003 
5346 39.4835 -0.359944444444444 46010 
5594 39.4401944444444 -0.388305555555556 46017 
12110 39.4711111111111 -0.369416666666667 46004 
10272 39.4703055555556 -0.383388888888889 46007 
5315 39.4751111111111 -0.351027777777778 46021 
5627 39.4501111111111 -0.380944444444444 46026 
5648 39.4259722222222 -0.387416666666667 46910 
5742 39.4713888888889 -0.346972222222222 46022 
10444 39.4733055555556 -0.330305555555556 46011 
5355 39.4380555555556 -0.375694444444444 46026 
10530 39.4813055555556 -0.342333333333333 46022 
5334 39.4741111111111 -0.378277777777778 46001 
5960 39.3993611111111 -0.405138888888889 46470 
13147 39.4711111111111 -0.369416666666667 46004 
5320 39.4545 -0.35225 46013 
10433 39.4571111111111 -0.38625 46007 
5706 39.4703055555556 -0.354 46021 
5718 39.4539444444444 -0.348555555555556 46012 
5622 39.4551944444444 -0.402861111111111 46014 
12106 39.4816666666667 -0.389361111111111 46009 
5586 39.4628888888889 -0.343444444444444 46023 
9875 39.457 -0.363555555555556 46013 
5574 39.4266666666667 -0.393333333333333 46910 
10355 39.4805 -0.350722222222222 46021 
5377 39.46875 -0.346805555555556 46022 
14031 39.475 -0.372805555555556 46003 
9853 39.4848611111111 -0.356833333333333 46020 
5868 39.4292222222222 -0.416416666666667 46200 
9627 39.4533888888889 -0.333166666666667 46024 
5747 39.4219444444444 -0.394444444444444 46910 
5712 39.4686388888889 -0.389194444444444 46018 
5245 39.4307888888889 -0.379630555555556 46026 
11490 39.4728055555556 -0.371 46003 
9954 39.4783888888889 -0.382305555555556 46003 
5573 39.457 -0.363555555555556 46013 
5579 39.4605 -0.405166666666667 46014 
60493 39.4778277777778 -0.349433333333333 46021 
59256 39.4775 -0.348583333333333 46021 
6023 39.4065555555556 -0.388472222222222 46470 
9936 39.4846944444444 -0.374305555555556 46009 
5316 39.4855 -0.369888888888889 46009 
5723 39.4172222222222 -0.378611111111111 46910 
5685 39.4855 -0.369888888888889 46009 
5564 39.4688888888889 -0.366805555555556 46004 
5619 39.4856111111111 -0.381277777777778 46009 
11256 39.4711111111111 -0.369416666666667 46004 
11341 39.4628888888889 -0.343444444444444 46023 
11501 39.475 -0.372805555555556 46003 
5686 39.4601944444444 -0.382888888888889 46007 
5664 39.4701944444444 -0.389916666666667 46008 
59516 39.4888611111111 -0.371138888888889 46009 
5797 39.4781444444444 -0.375747222222222 46003 
9914 39.4638055555556 -0.362305555555556 46005 
