25290 37.3953055555556 -5.97866666666667 41003 
29581 37.3881388888889 -5.98438888888889 41004 
24338 37.4058888888889 -5.97319444444444 41008 
26268 37.3607861111111 -5.97724166666667 41013 
24533 37.3735 -5.97302777777778 41013 
28601 37.3918333333333 -5.9865 41003 
28255 37.3924444444444 -5.9715 41008 
24619 37.3866666666667 -5.94094444444444 41006 
26551 37.4 -5.97266666666667 41008 
26416 37.3761944444444 -5.95083333333333 41006 
30835 37.40975 -5.96475 41008 
29521 37.3852777777778 -5.97686111111111 41005 
24471 37.3302777777778 -5.9675 41014 
29750 37.3807222222222 -5.92380555555556 41016 
24857 37.4045 -5.9675 41008 
31746 37.3748055555556 -5.98377777777778 41013 
25291 37.3985 -5.98652777777778 41003 
24518 37.3200833333333 -5.96705555555556 41014 
31089 37.3868888888889 -5.98963888888889 41004 
24989 37.409 -5.97783333333333 41009 
29699 37.3688888888889 -5.98738888888889 41012 
29779 37.4010555555556 -5.97836111111111 41008 
24283 37.3788055555556 -5.946 41006 
24080 37.3758888888889 -5.96663888888889 41005 
25556 37.4103055555556 -5.974 41008 
24842 37.3758888888889 -5.96663888888889 41005 
31841 37.3748055555556 -5.98377777777778 41013 
25243 37.4103055555556 -5.974 41008 
26069 37.4045 -5.9675 41008 
26537 37.379 -5.96894444444444 41005 
25494 37.3963888888889 -5.96647222222222 41007 
24465 37.3788055555556 -5.946 41006 
24486 37.3548888888889 -5.97563888888889 41013 
28306 37.4111944444444 -5.94975 41008 
25561 37.4006111111111 -5.98297222222222 41003 
26146 37.4007777777778 -5.92583333333333 41007 
24109 37.3788055555556 -5.946 41006 
26053 37.3940833333333 -5.988 41003 
26500 37.4058888888889 -5.97319444444444 41008 
24563 37.404 -5.95716666666667 41007 
26606 37.4298888888889 -5.89347222222222 41007 
24125 37.3483888888889 -5.97583333333333 41012 
29467 37.3868888888889 -5.98963888888889 41004 
24000 37.3881944444444 -5.99266666666667 41004 
25014 37.3852777777778 -5.97686111111111 41005 
27049 37.3831944444444 -5.98911111111111 41004 
24737 37.3836944444444 -5.97158333333333 41005 
24203 37.3701944444444 -5.9555 41006 
24763 37.3735 -5.97302777777778 41013 
25020 37.3621944444444 -5.98461111111111 41012 
24879 37.3867777777778 -5.89033333333333 41017 
30744 37.3758888888889 -5.96663888888889 41005 
29778 37.424 -5.96497222222222 41008 
28421 37.3786111111111 -5.99483333333333 41011 
25596 37.3845 -5.95769444444444 41006 
24264 37.3673055555556 -5.96286111111111 41013 
32822 37.377 -5.88302777777778 41500 
25390 37.3758888888889 -5.96663888888889 41005 
25506 37.3895 -5.98055555555556 41007 
30704 37.4132777777778 -5.924 41007 
25807 37.3653888888889 -5.98027777777778 41013 
26532 37.4045833333333 -5.98008333333333 41009 
25159 37.3940833333333 -5.988 41003 
26171 37.3948888888889 -5.98286111111111 41003 
24694 37.4058888888889 -5.97319444444444 41008 
24087 37.33925 -5.93061111111111 41700 
24194 37.3938888888889 -5.99338888888889 41002 
31151 37.3924166666667 -5.95755555555556 41007 
25876 37.3924444444444 -5.9715 41008 
24725 37.3628888888889 -5.97597222222222 41013 
26801 37.3696944444444 -5.96586111111111 41013 
25758 37.3691111111111 -5.98252777777778 41013 
25115 37.3673055555556 -5.96286111111111 41013 
25200 37.3302777777778 -5.9675 41014 
25945 37.3807222222222 -5.92380555555556 41016 
24567 37.4110277777778 -5.98355555555556 41009 
24910 37.4125833333333 -5.96652777777778 41008 
24612 37.3948888888889 -5.98286111111111 41003 
24707 37.4073888888889 -5.93347222222222 41007 
24898 37.3895 -5.98055555555556 41007 
24337 37.3885 -5.96413888888889 41005 
26433 37.3621944444444 -5.98461111111111 41012 
25629 37.3852777777778 -5.97686111111111 41005 
24521 37.3821944444444 -5.96452777777778 41005 
26563 37.3483888888889 -5.97583333333333 41012 
26387 37.3628888888889 -5.97597222222222 41013 
24788 37.3924444444444 -5.9715 41008 
24160 37.3802777777778 -5.98125 41013 
24761 37.4007777777778 -5.92583333333333 41007 
31096 37.4298888888889 -5.89347222222222 41007 
25708 37.3688888888889 -5.98738888888889 41012 
26054 37.3302777777778 -5.9675 41014 
27459 37.3830833333333 -5.99375 41001 
64540 37.3847222222222 -5.98583333333333 41004 
26549 37.3735 -5.97302777777778 41013 
25304 37.3821944444444 -5.96452777777778 41005 
26307 37.4010555555556 -5.97836111111111 41008 
24808 37.4006111111111 -5.98297222222222 41003 
26635 37.3735 -5.97302777777778 41013 
24305 37.4210833333333 -5.96516666666667 41008 
24295 37.3924166666667 -5.95755555555556 41007 
26134 37.3878888888889 -5.95208333333333 41006 
27100 37.3881944444444 -5.99266666666667 41004 
25466 37.3845 -5.95769444444444 41006 
31047 37.3891944444444 -5.971 41007 
31302 37.3881944444444 -5.95675 41006 
25176 37.3924444444444 -5.9715 41008 
25132 37.4007777777778 -5.92583333333333 41007 
26457 37.3836944444444 -5.97158333333333 41005 
26735 37.3924444444444 -5.9715 41008 
24508 37.4098888888889 -5.98519444444444 41009 
26085 37.3748055555556 -5.98377777777778 41013 
25023 37.3776111111111 -5.95875 41006 
25944 37.3914055555556 -5.98157222222222 41003 
36608 37.377 -5.88302777777778 41500 
24936 37.3761944444444 -5.95083333333333 41006 
25047 37.3684166666667 -5.93702777777778 41500 
25890 37.3200833333333 -5.96705555555556 41014 
37445 37.3477777777778 -5.97808333333333 41012 
25255 37.3830833333333 -5.99375 41001 
25078 37.3953055555556 -5.97866666666667 41003 
26361 37.3761944444444 -5.95083333333333 41006 
27231 37.3911944444444 -5.98975 41004 
25126 37.3763055555556 -5.89727777777778 41500 
24395 37.3918333333333 -5.9865 41003 
29722 37.3701944444444 -5.9555 41006 
24863 37.3845 -5.95769444444444 41006 
25823 37.3814444444444 -5.9723 41005 
31664 37.3876111111111 -5.98655555555556 41004 
24759 37.3845 -5.95769444444444 41006 
27758 37.3878888888889 -5.95208333333333 41006 
24300 37.424 -5.96497222222222 41008 
26367 37.3931944444444 -5.96616666666667 41007 
26391 37.3931944444444 -5.96616666666667 41007 
24897 37.3661944444444 -5.97086111111111 41013 
26664 37.3867777777778 -5.89033333333333 41017 
27507 37.3925 -5.94741666666667 41007 
26711 37.3993055555556 -5.94288888888889 41007 
25495 37.364 -5.95897222222222 41013 
28331 37.3831944444444 -5.98911111111111 41004 
24792 37.3836944444444 -5.97158333333333 41005 
26250 37.3491388888889 -5.97958333333333 41012 
23990 37.3881944444444 -5.95675 41006 
25263 37.3788055555556 -5.946 41006 
24096 37.409 -5.97783333333333 41009 
24221 37.3628888888889 -5.97597222222222 41013 
24848 37.4 -5.97266666666667 41008 
24914 37.4007777777778 -5.92583333333333 41007 
24313 37.3895 -5.98055555555556 41007 
30043 37.3923611111111 -5.99327777777778 41004 
25822 37.3302777777778 -5.9675 41014 
26144 37.3852777777778 -5.97686111111111 41005 
26315 37.364 -5.95897222222222 41013 
24966 37.3953055555556 -5.97866666666667 41003 
24433 37.3878888888889 -5.95208333333333 41006 
25268 37.4125833333333 -5.96652777777778 41008 
32558 37.3867777777778 -5.89033333333333 41017 
25345 37.3761944444444 -5.95083333333333 41006 
25066 37.3940833333333 -5.988 41003 
24708 37.4278888888889 -5.92836111111111 41007 
29914 37.3691111111111 -5.98252777777778 41013 
25730 37.4278888888889 -5.92836111111111 41007 
24885 37.379 -5.96894444444444 41005 
26300 37.4111944444444 -5.94975 41008 
25173 37.3731944444444 -5.98063888888889 41013 
24413 37.3924166666667 -5.95755555555556 41007 
24009 37.3898888888889 -5.92030555555556 41016 
25620 37.3885 -5.96413888888889 41005 
25158 37.3895 -5.98055555555556 41007 
24067 37.34125 -5.92622222222222 41700 
25989 37.3931944444444 -5.96616666666667 41007 
25779 37.3291666666667 -5.92416666666667 41700 
24716 37.3925 -5.94741666666667 41007 
24702 37.3845 -5.95769444444444 41006 
26256 37.4111944444444 -5.94975 41008 
32181 37.4298888888889 -5.89347222222222 41007 
25637 37.3200833333333 -5.96705555555556 41014 
25172 37.3898888888889 -5.92030555555556 41016 
37201 37.3763055555556 -5.89727777777778 41500 
24899 37.3573055555556 -5.98475 41012 
24961 37.3788888888889 -5.97425 41005 
25825 37.3786111111111 -5.99483333333333 41011 
26122 37.3548888888889 -5.97563888888889 41013 
24023 37.3840833333333 -5.96297222222222 41005 
26820 37.3981944444444 -5.99238888888889 41002 
32677 37.3763055555556 -5.89727777777778 41500 
26462 37.3981944444444 -5.99238888888889 41002 
25474 37.3924166666667 -5.95755555555556 41007 
27999 37.3688888888889 -5.98738888888889 41012 
26243 37.4045 -5.9675 41008 
26207 37.3302777777778 -5.9675 41014 
24709 37.3953055555556 -5.97866666666667 41003 
25270 37.3881944444444 -5.95675 41006 
32887 37.3968055555556 -5.92 41007 
27503 37.3661944444444 -5.97086111111111 41013 
25389 37.3891944444444 -5.971 41007 
24463 37.3881944444444 -5.99266666666667 41004 
25456 37.3836944444444 -5.97158333333333 41005 
24078 37.4278888888889 -5.92836111111111 41007 
24407 37.3200833333333 -5.96705555555556 41014 
28715 37.3931944444444 -5.96616666666667 41007 
27817 37.3862777777778 -5.98833888888889 41004 
25811 37.3776111111111 -5.95875 41006 
26133 37.3981944444444 -5.99238888888889 41002 
31552 37.3921944444444 -5.99094444444444 41004 
25537 37.379 -5.96894444444444 41005 
31160 37.3953055555556 -5.97866666666667 41003 
32552 37.3861944444444 -5.90822222222222 41016 
32102 37.3911944444444 -5.98975 41004 
25013 37.4073888888889 -5.93347222222222 41007 
24051 37.3898888888889 -5.92030555555556 41016 
24977 37.3673055555556 -5.96286111111111 41013 
26164 37.3696944444444 -5.96586111111111 41013 
25237 37.3758888888889 -5.96663888888889 41005 
26565 37.3868888888889 -5.98963888888889 41004 
24714 37.3731944444444 -5.98063888888889 41013 
32086 37.3923111111111 -5.99418055555556 41001 
29897 37.3620111111111 -5.97893055555556 41013 
24046 37.4298888888889 -5.89347222222222 41007 
24523 37.3653888888889 -5.98027777777778 41013 
24307 37.3696944444444 -5.96586111111111 41013 
27260 37.4010555555556 -5.97836111111111 41008 
24884 37.4151111111111 -5.98263888888889 41009 
24659 37.3731944444444 -5.98063888888889 41013 
25053 37.407375 -5.92936111111111 41007 
24680 37.4045 -5.9675 41008 
31911 37.3692777777778 -5.93797222222222 41500 
24294 37.3483888888889 -5.97583333333333 41012 
25804 37.3985 -5.98652777777778 41003 
24356 37.3925 -5.94741666666667 41007 
24396 37.4045833333333 -5.98008333333333 41009 
29488 37.3866666666667 -5.94094444444444 41006 
26558 37.4045 -5.9675 41008 
24603 37.4210833333333 -5.96516666666667 41008 
25353 37.3653888888889 -5.98027777777778 41013 
25829 37.3876111111111 -5.98655555555556 41004 
25932 37.3885 -5.96413888888889 41005 
25336 37.3878888888889 -5.95208333333333 41006 
24795 37.3701944444444 -5.9555 41006 
32728 37.3861944444444 -5.90822222222222 41016 
27849 37.4010555555556 -5.97836111111111 41008 
33028 37.3968055555556 -5.92 41007 
24918 37.3931944444444 -5.96616666666667 41007 
24613 37.3731944444444 -5.98063888888889 41013 
25628 37.3573055555556 -5.98475 41012 
28222 37.3847222222222 -5.98583333333333 41004 
29744 37.424 -5.96497222222222 41008 
26503 37.4007777777778 -5.92583333333333 41007 
24894 37.3878888888889 -5.95208333333333 41006 
31342 37.377 -5.88302777777778 41500 
24142 37.4073888888889 -5.93347222222222 41007 
25166 37.3731944444444 -5.98063888888889 41013 
26666 37.3836944444444 -5.97158333333333 41005 
24549 37.404 -5.95716666666667 41007 
24728 37.3963888888889 -5.96647222222222 41007 
24123 37.3963888888889 -5.96647222222222 41007 
26067 37.3898888888889 -5.92030555555556 41016 
25469 37.424 -5.96497222222222 41008 
26789 37.364 -5.95897222222222 41013 
25835 37.3940833333333 -5.988 41003 
24388 37.3661944444444 -5.97086111111111 41013 
24219 37.3845 -5.95769444444444 41006 
27983 37.3628888888889 -5.97597222222222 41013 
26186 37.3960555555556 -5.99127777777778 41003 
24903 37.4210833333333 -5.96516666666667 41008 
30056 37.3885 -5.96413888888889 41005 
24365 37.4045 -5.9675 41008 
24158 37.34125 -5.92622222222222 41700 
24532 37.3847222222222 -5.98583333333333 41004 
25790 37.3788888888889 -5.97425 41005 
31384 37.3981944444444 -5.99238888888889 41002 
24137 37.3786111111111 -5.99483333333333 41011 
25206 37.3924166666667 -5.95755555555556 41007 
58084 37.3948611111111 -5.98583333333333 41003 
24019 37.4 -5.97266666666667 41008 
24512 37.3993055555556 -5.94288888888889 41007 
24318 37.3628888888889 -5.97597222222222 41013 
26184 37.3866666666667 -5.94094444444444 41006 
31380 37.3786111111111 -5.99483333333333 41011 
25898 37.3876111111111 -5.98655555555556 41004 
25214 37.4151111111111 -5.98263888888889 41009 
24187 37.4111944444444 -5.94975 41008 
25616 37.3621944444444 -5.98461111111111 41012 
25284 37.3758888888889 -5.96663888888889 41005 
24030 37.404 -5.95716666666667 41007 
31357 37.3748055555556 -5.98377777777778 41013 
26046 37.3701944444444 -5.9555 41006 
26450 37.4098888888889 -5.98519444444444 41009 
24243 37.3628888888889 -5.97597222222222 41013 
25553 37.40975 -5.96475 41008 
26598 37.4042388888889 -5.98595833333333 41009 
26023 37.3291666666667 -5.92416666666667 41700 
26269 37.3573055555556 -5.98475 41012 
24302 37.4 -5.97266666666667 41008 
25906 37.3891944444444 -5.971 41007 
25310 37.3807222222222 -5.92380555555556 41016 
25525 37.3924166666667 -5.95755555555556 41007 
24441 37.3776111111111 -5.95875 41006 
25755 37.3868888888889 -5.98963888888889 41004 
24516 37.3684166666667 -5.93702777777778 41500 
24662 37.3786111111111 -5.99483333333333 41011 
55150 37.3763055555556 -5.89727777777778 41500 
29730 37.3701944444444 -5.9555 41006 
26318 37.3985 -5.98652777777778 41003 
24774 37.3684166666667 -5.93702777777778 41500 
25312 37.3696944444444 -5.96586111111111 41013 
26169 37.3302777777778 -5.9675 41014 
24767 37.4073888888889 -5.93347222222222 41007 
25213 37.3735 -5.97302777777778 41013 
24269 37.3821944444444 -5.96452777777778 41005 
26185 37.3881388888889 -5.98438888888889 41004 
26448 37.34125 -5.92622222222222 41700 
24175 37.3891944444444 -5.971 41007 
24955 37.4278888888889 -5.92836111111111 41007 
31329 37.3802777777778 -5.98125 41013 
24490 37.3621944444444 -5.98461111111111 41012 
29805 37.3830833333333 -5.99375 41001 
24638 37.4006111111111 -5.98297222222222 41003 
26224 37.3866666666667 -5.94094444444444 41006 
24950 37.4111944444444 -5.94975 41008 
25218 37.3548888888889 -5.97563888888889 41013 
26839 37.3821944444444 -5.96452777777778 41005 
25153 37.3948888888889 -5.98286111111111 41003 
29517 37.4298888888889 -5.89347222222222 41007 
29781 37.3807222222222 -5.92380555555556 41016 
25541 37.3881388888889 -5.98438888888889 41004 
26180 37.3661944444444 -5.97086111111111 41013 
26131 37.3200833333333 -5.96705555555556 41014 
24713 37.4058888888889 -5.97319444444444 41008 
24405 37.3895 -5.98055555555556 41007 
25453 37.3993055555556 -5.94288888888889 41007 
24872 37.3688888888889 -5.98738888888889 41012 
26321 37.4069444444444 -5.98502777777778 41009 
29535 37.3940833333333 -5.988 41003 
25824 37.407375 -5.92936111111111 41007 
29609 37.4045833333333 -5.98008333333333 41009 
27550 37.3881388888889 -5.98438888888889 41004 
24093 37.3898888888889 -5.92030555555556 41016 
64541 37.3847222222222 -5.98583333333333 41004 
25557 37.3931944444444 -5.96616666666667 41007 
25641 37.3814166666667 -5.97621944444444 41005 
30943 37.3831944444444 -5.98911111111111 41004 
31496 37.3953055555556 -5.97866666666667 41003 
25067 37.3573055555556 -5.98475 41012 
27997 37.3901388888889 -5.97391666666667 41005 
26511 37.3876111111111 -5.98655555555556 41004 
26579 37.3673055555556 -5.96286111111111 41013 
25568 37.3963888888889 -5.96647222222222 41007 
30746 37.404 -5.95716666666667 41007 
25032 37.3731944444444 -5.98063888888889 41013 
26750 37.3948888888889 -5.98286111111111 41003 
60780 37.3788888888889 -5.97425 41005 
25164 37.40975 -5.96475 41008 
25927 37.3621944444444 -5.98461111111111 41012 
26661 37.3653888888889 -5.98027777777778 41013 
24153 37.4058888888889 -5.97319444444444 41008 
27791 37.3881944444444 -5.95675 41006 
33051 37.377 -5.88302777777778 41500 
26136 37.3718888888889 -5.97758333333333 41013 
26098 37.3802777777778 -5.98125 41013 
26216 37.4042388888889 -5.98595833333333 41009 
25006 37.4278888888889 -5.92836111111111 41007 
25874 37.4132777777778 -5.924 41007 
29476 37.3911944444444 -5.98975 41004 
27846 37.4125833333333 -5.96652777777778 41008 
28286 37.3906388888889 -5.99202777777778 41004 
25819 37.3691111111111 -5.98252777777778 41013 
24094 37.3881944444444 -5.95675 41006 
24163 37.3898888888889 -5.92030555555556 41016 
25302 37.3985 -5.98652777777778 41003 
31074 37.3831944444444 -5.98911111111111 41004 
25445 37.3621944444444 -5.98461111111111 41012 
30189 37.3925 -5.94741666666667 41007 
26000 37.3483888888889 -5.97583333333333 41012 
29795 37.3924444444444 -5.9715 41008 
26804 37.4151111111111 -5.98263888888889 41009 
37286 37.3763055555556 -5.89727777777778 41500 
25961 37.4045833333333 -5.98008333333333 41009 
26323 37.379 -5.96894444444444 41005 
26343 37.3483888888889 -5.97583333333333 41012 
24606 37.3963888888889 -5.96647222222222 41007 
26545 37.3548888888889 -5.97563888888889 41013 
25962 37.364 -5.95897222222222 41013 
24631 37.4006111111111 -5.98297222222222 41003 
25086 37.4103055555556 -5.974 41008 
31642 37.3763055555556 -5.89727777777778 41500 
36624 37.3867777777778 -5.89033333333333 41017 
30904 37.3802777777778 -5.98125 41013 
25395 37.4010555555556 -5.97836111111111 41008 
30732 37.4278888888889 -5.92836111111111 41007 
57464 37.3891388888889 -5.95852777777778 41007 
25081 37.424 -5.96497222222222 41008 
24387 37.3911944444444 -5.98975 41004 
27398 37.3911944444444 -5.98975 41004 
31136 37.3918333333333 -5.9865 41003 
24896 37.4042388888889 -5.98595833333333 41009 
24282 37.3830833333333 -5.99375 41001 
26773 37.3802777777778 -5.98125 41013 
28048 37.3821944444444 -5.96452777777778 41005 
24156 37.3807222222222 -5.92380555555556 41016 
25743 37.3847222222222 -5.98583333333333 41004 
24803 37.3993055555556 -5.94288888888889 41007 
25352 37.4006111111111 -5.98297222222222 41003 
26196 37.3885 -5.96413888888889 41005 
25339 37.424 -5.96497222222222 41008 
26317 37.3691111111111 -5.98252777777778 41013 
31455 37.3876111111111 -5.98655555555556 41004 
24550 37.3701944444444 -5.9555 41006 
24185 37.4132777777778 -5.924 41007 
27230 37.4125833333333 -5.96652777777778 41008 
24637 37.3885 -5.96413888888889 41005 
24183 37.4151111111111 -5.98263888888889 41009 
30479 37.377 -5.88302777777778 41500 
25710 37.3745277777778 -5.96396388888889 41005 
24833 37.407375 -5.92936111111111 41007 
24556 37.3881944444444 -5.95675 41006 
31125 37.3868888888889 -5.98963888888889 41004 
25341 37.3691111111111 -5.98252777777778 41013 
31264 37.3981944444444 -5.99238888888889 41002 
24755 37.3200833333333 -5.96705555555556 41014 
24432 37.3925 -5.94741666666667 41007 
25970 37.3948888888889 -5.98286111111111 41003 
24962 37.3735 -5.97302777777778 41013 
24644 37.4098888888889 -5.98519444444444 41009 
25892 37.3836944444444 -5.97158333333333 41005 
24304 37.3852777777778 -5.97686111111111 41005 
24934 37.3661944444444 -5.97086111111111 41013 
29996 37.3573055555556 -5.98475 41012 
25070 37.3878888888889 -5.95208333333333 41006 
24200 37.3866666666667 -5.94094444444444 41006 
26560 37.3852777777778 -5.97686111111111 41005 
32096 37.3821944444444 -5.96452777777778 41005 
24290 37.3653888888889 -5.98027777777778 41013 
25442 37.3788055555556 -5.946 41006 
31476 37.3981944444444 -5.99238888888889 41002 
26081 37.3891944444444 -5.971 41007 
25767 37.3788055555556 -5.946 41006 
24435 37.4073888888889 -5.93347222222222 41007 
25760 37.3548888888889 -5.97563888888889 41013 
32593 37.3968055555556 -5.92 41007 
26603 37.4298888888889 -5.89347222222222 41007 
26390 37.34125 -5.92622222222222 41700 
24868 37.3925 -5.94741666666667 41007 
31133 37.3911944444444 -5.98975 41004 
26687 37.3807222222222 -5.92380555555556 41016 
27672 37.3748055555556 -5.98377777777778 41013 
26037 37.3691111111111 -5.98252777777778 41013 
64543 37.3847222222222 -5.98583333333333 41004 
24390 37.4006111111111 -5.98297222222222 41003 
29926 37.4045833333333 -5.98008333333333 41009 
35426 37.3285 -5.90311111111111 41500 
25709 37.4045833333333 -5.98008333333333 41009 
25621 37.3881944444444 -5.99266666666667 41004 
24949 37.3673055555556 -5.96286111111111 41013 
30502 37.3688888888889 -5.98738888888889 41012 
26025 37.379 -5.96894444444444 41005 
24121 37.4125833333333 -5.96652777777778 41008 
26482 37.3291666666667 -5.92416666666667 41700 
24112 37.4 -5.97266666666667 41008 
32168 37.3868888888889 -5.98963888888889 41004 
60778 37.3788888888889 -5.97425 41005 
25181 37.3993055555556 -5.94288888888889 41007 
26179 37.4125833333333 -5.96652777777778 41008 
27416 37.4025555555556 -5.92677777777778 41007 
25887 37.4 -5.97266666666667 41008 
24679 37.34125 -5.92622222222222 41700 
25888 37.3985 -5.98652777777778 41003 
27232 37.404 -5.95716666666667 41007 
26554 37.3748055555556 -5.98377777777778 41013 
25665 37.3696944444444 -5.96586111111111 41013 
24744 37.3661944444444 -5.97086111111111 41013 
24408 37.3786111111111 -5.99483333333333 41011 
24506 37.364 -5.95897222222222 41013 
30126 37.3985 -5.98652777777778 41003 
26576 37.3831944444444 -5.98911111111111 41004 
24976 37.3598305555556 -5.98478611111111 41012 
25222 37.4073888888889 -5.93347222222222 41007 
24331 37.33925 -5.93061111111111 41700 
60781 37.3788888888889 -5.97425 41005 
31370 37.377 -5.88302777777778 41500 
26217 37.3918333333333 -5.9865 41003 
24062 37.4058888888889 -5.97319444444444 41008 
24871 37.3761944444444 -5.95083333333333 41006 
24052 37.4151111111111 -5.98263888888889 41009 
25005 37.3692777777778 -5.93797222222222 41500 
62864 37.3708611111111 -5.99475 41011 
27510 37.3881388888889 -5.98438888888889 41004 
62865 37.3708611111111 -5.99475 41011 
31349 37.3918333333333 -5.9865 41003 
26363 37.3938888888889 -5.99338888888889 41002 
25642 37.3673055555556 -5.96286111111111 41013 
23988 37.3963888888889 -5.96647222222222 41007 
25026 37.4111944444444 -5.94975 41008 
26777 37.3938888888889 -5.99338888888889 41002 
24828 37.3630833333333 -5.97586111111111 41013 
25376 37.3993055555556 -5.94288888888889 41007 
25703 37.4007777777778 -5.92583333333333 41007 
24625 37.379 -5.96894444444444 41005 
24859 37.3696944444444 -5.96586111111111 41013 
26466 37.3940833333333 -5.988 41003 
24854 37.4010555555556 -5.97836111111111 41008 
25057 37.3483888888889 -5.97583333333333 41012 
25207 37.3895 -5.98055555555556 41007 
24053 37.409 -5.97783333333333 41009 
24260 37.364 -5.95897222222222 41013 
26010 37.3548888888889 -5.97563888888889 41013 
27509 37.3653888888889 -5.98027777777778 41013 
31640 37.3918333333333 -5.9865 41003 
29796 37.3861944444444 -5.90822222222222 41016 
24668 37.40975 -5.96475 41008 
29928 37.3831944444444 -5.98911111111111 41004 
24102 37.3881944444444 -5.99266666666667 41004 
26522 37.3948888888889 -5.98286111111111 41003 
25742 37.3866666666667 -5.94094444444444 41006 
31152 37.3688888888889 -5.98738888888889 41012 
24076 37.3881944444444 -5.99266666666667 41004 
24261 37.404 -5.95716666666667 41007 
26072 37.40975 -5.96475 41008 
31080 37.3802777777778 -5.98125 41013 
25460 37.40975 -5.96475 41008 
25244 37.3788888888889 -5.97425 41005 
24698 37.3692777777778 -5.93797222222222 41500 
29639 37.3830833333333 -5.99375 41001 
31955 37.3876111111111 -5.98655555555556 41004 
27351 37.3761944444444 -5.95083333333333 41006 
29934 37.3881388888889 -5.98438888888889 41004 
26480 37.3238611111111 -5.96391666666667 41014 
24534 37.3891944444444 -5.971 41007 
25450 37.3830833333333 -5.99375 41001 
26857 37.4151111111111 -5.98263888888889 41009 
30772 37.3573055555556 -5.98475 41012 
