49065 41.4101944444444 2.17027777777778 8025 
55904 41.4382222222222 2.17075 8042 
58268 41.3765277777778 2.14580555555556 8014 
56139 41.4190194444444 2.16416944444444 8024 
49075 41.44 2.16083333333333 8031 
47830 41.398 2.20310833333333 8005 
60468 41.3836944444444 2.17327777777778 8002 
51289 41.4198055555556 2.17244444444444 8041 
49004 41.3851944444444 2.14113888888889 8029 
47934 41.4393888888889 2.18608333333333 8030 
55889 41.3770833333333 2.15877777777778 8015 
55659 41.40205 2.15243888888889 8012 
50080 41.3856111111111 2.18741666666667 8003 
53774 41.4426111111111 2.20613888888889 8930 
49057 41.3856944444444 2.15455555555556 8015 
56552 41.4106944444444 2.21944444444444 8019 
48153 41.4299166666667 2.20205555555556 8020 
51342 41.4036861111111 2.20698055555556 8005 
47982 41.4358888888889 2.14819444444444 8035 
48985 41.4078055555556 2.21244444444444 8019 
59636 41.3995277777778 2.15860277777778 8012 
59814 41.3736388888889 2.15087777777778 8004 
34066 41.3933055555556 2.15502777777778 8036 
40857 41.393 2.13069444444444 8034 
51352 41.3991111111111 2.15236111111111 8006 
48242 41.4038055555556 2.137 8021 
56715 41.3696 2.15538055555556 8038 
40577 41.3796944444444 2.12866666666667 8028 
55954 41.3848888888889 2.17363888888889 8002 
41479 41.39225 2.17611111111111 8010 
60201 41.3905833333333 2.14127777777778 8029 
47896 41.3803055555556 2.16447222222222 8001 
48084 41.4005 2.15758333333333 8012 
55004 41.3865805555556 2.17491111111111 8002 
48951 41.4186944444444 2.15163888888889 8023 
53782 41.407 2.15786944444444 8012 
50901 41.396975 2.17000555555556 8009 
53298 41.3858055555556 2.1485 8029 
53760 41.3860833333333 2.15611111111111 8011 
51614 41.3987777777778 2.14622222222222 8021 
59161 41.3648166666667 2.15379166666667 8038 
48038 41.3851944444444 2.18188888888889 8003 
36942 41.3888055555556 2.17183333333333 8010 
56149 41.3831666666667 2.15783333333333 8015 
54968 41.3876666666667 2.15397222222222 8036 
50482 41.4491111111111 2.18580555555556 8033 
56083 41.3929166666667 2.16019444444444 8008 
41369 41.398 2.20310833333333 8005 
40526 41.4086111111111 2.19213888888889 8018 
56512 41.3967777777778 2.16141666666667 8008 
48215 41.3865 2.19672222222222 8003 
41640 41.3941944444444 2.14369444444444 8021 
52084 41.3821111111111 2.19119444444444 8003 
51402 41.3995083333333 2.15007777777778 8006 
61243 41.4005 2.144 8021 
51330 41.3763055555556 2.14927777777778 8014 
51806 41.43575 2.18836111111111 8030 
41578 41.4201944444444 2.20338888888889 8020 
41381 41.404 2.16277777777778 8012 
51823 41.4476111111111 2.17841666666667 8042 
50394 41.3958055555556 2.15841666666667 8008 
52126 41.432 2.17952777777778 8016 
50915 41.3983 2.1492 8006 
53814 41.3868888888889 2.17347222222222 8002 
50893 41.3938888888889 2.18169444444444 8013 
46554 41.3506111111111 2.14827777777778 8038 
60050 41.3874722222222 2.14488888888889 8029 
54786 41.4198055555556 2.17244444444444 8041 
52083 41.44 2.17655555555556 8016 
54829 41.4226944444444 2.14302777777778 8035 
48972 41.3547888888889 2.14105555555556 8038 
40400 41.3805555555556 2.13905555555556 8014 
36925 41.3962416666667 2.16480277777778 8009 
48199 41.4491111111111 2.18580555555556 8033 
51804 41.4299166666667 2.20205555555556 8020 
61641 41.4287222222222 2.22566666666667 8930 
50936 41.3998055555556 2.19575 8005 
47770 41.3851944444444 2.18188888888889 8003 
55945 41.3841638888889 2.17388055555556 8002 
48025 41.44 2.16083333333333 8031 
48017 41.3865 2.19672222222222 8003 
52082 41.3887777777778 2.17144444444444 8010 
53809 41.3901111111111 2.16033333333333 8011 
46459 41.3871944444444 2.13066666666667 8028 
44400 41.3908888888889 2.13272222222222 8014 
48054 41.4303055555556 2.15522222222222 8032 
51482 41.3998055555556 2.19575 8005 
41365 41.404 2.16277777777778 8012 
55083 41.3681944444444 2.17541666666667 8038 
59616 41.365 2.15055555555556 8038 
63691 41.3915833333333 2.15380555555556 8036 
50823 41.3884722222222 2.14569444444444 8029 
51440 41.441475 2.20156666666667 8930 
41177 41.38925 2.12811111111111 8028 
47880 41.4310833333333 2.18519444444444 8030 
48176 41.4201944444444 2.20338888888889 8020 
52087 41.4358888888889 2.14819444444444 8035 
41298 41.3835 2.14383333333333 8029 
48256 41.3811111111111 2.16961111111111 8001 
40556 41.406 2.17444444444444 8025 
51599 41.40205 2.15243888888889 8012 
51499 41.4148888888889 2.19747222222222 8020 
55854 41.3951944444444 2.16469444444444 8007 
62599 41.3988027777778 2.15530555555556 8006 
47881 41.4393888888889 2.18608333333333 8030 
54509 41.3649 2.15791111111111 8038 
44063 41.411 2.17991666666667 8026 
55958 41.3859444444444 2.15252777777778 8029 
40690 41.3730833333333 2.12225 8903 
40893 41.4005 2.15758333333333 8012 
41084 41.3851944444444 2.14113888888889 8029 
46566 41.3506111111111 2.14827777777778 8038 
47701 41.3968055555556 2.14888888888889 8021 
41161 41.4101944444444 2.17027777777778 8025 
61613 41.4287222222222 2.22566666666667 8930 
47900 41.43 2.14441666666667 8035 
48244 41.4310833333333 2.18519444444444 8030 
49069 41.3898055555556 2.14397222222222 8029 
49019 41.3815555555556 2.1335 8028 
49084 41.4226944444444 2.14302777777778 8035 
41079 41.3800555555556 2.1465 8015 
60762 41.3871111111111 2.14963888888889 8029 
48997 41.42615 2.17873888888889 8027 
55970 41.3927388888889 2.17025 8009 
48023 41.3846944444444 2.17108333333333 8001 
48983 41.4208888888889 2.20791666666667 8020 
48261 41.4358888888889 2.14819444444444 8035 
41093 41.3838055555556 2.128 8028 
49017 41.3986944444444 2.15088888888889 8006 
63605 41.3865833333333 2.15177777777778 8029 
46449 41.3968055555556 2.14888888888889 8021 
47844 41.3991111111111 2.15236111111111 8006 
49073 41.4113055555556 2.13822222222222 8022 
55623 41.4138055555556 2.12741666666667 8035 
41239 41.3858611111111 2.14722222222222 8029 
41292 41.4051944444444 2.16847222222222 8025 
40576 41.3968055555556 2.14888888888889 8021 
48020 41.3713888888889 2.15252777777778 8038 
48259 41.3811944444444 2.18097222222222 8002 
51821 41.3962777777778 2.14355555555556 8021 
41585 41.3915 2.19597222222222 8005 
69082 41.3759444444444 2.15066666666667 8004 
44119 41.3933888888889 2.15580555555556 8036 
50926 41.3966944444444 2.13747222222222 8021 
51438 41.35275 2.13252777777778 8908 
40358 41.4026916666667 2.16033055555556 8012 
48033 41.4005 2.15758333333333 8012 
48002 41.4005 2.144 8021 
51819 41.4155 2.13955555555556 8023 
49081 41.4101944444444 2.17027777777778 8025 
36937 41.3956111111111 2.15055555555556 8036 
44117 41.404 2.16277777777778 8012 
49097 41.4148611111111 2.18994444444444 8027 
48938 41.3833055555556 2.16719444444444 8001 
56691 41.3932666666667 2.14205555555556 8029 
40535 41.3898055555556 2.14397222222222 8029 
51831 41.4078055555556 2.21244444444444 8019 
50980 41.3751666666667 2.14941666666667 8004 
53772 41.4053055555556 2.14213888888889 8006 
51826 41.4133055555556 2.14575 8023 
53768 41.3918027777778 2.15833055555556 8036 
53811 41.3866388888889 2.15636111111111 8011 
44000 41.3911555555556 2.12288055555556 8034 
51292 41.3920833333333 2.14858333333333 8036 
59931 41.4043888888889 2.15752777777778 8012 
51622 41.3847611111111 2.18189166666667 8003 
55114 41.3967222222222 2.15872222222222 8008 
40269 41.3776111111111 2.11969444444444 8028 
59617 41.365 2.15055555555556 8038 
46348 41.3800555555556 2.1465 8015 
48216 41.4038055555556 2.137 8021 
48954 41.4125277777778 2.17272222222222 8025 
40354 41.3598055555556 2.14227777777778 8038 
41532 41.3851111111111 2.13513888888889 8014 
41425 41.3898055555556 2.14397222222222 8029 
55624 41.3969166666667 2.15744444444444 8008 
49129 41.4121944444444 2.18716666666667 8026 
55644 41.3915277777778 2.18180555555556 8003 
36923 41.3758055555556 2.15602777777778 8004 
44299 41.3898055555556 2.14397222222222 8029 
44116 41.4005 2.144 8021 
49120 41.4226944444444 2.14302777777778 8035 
47930 41.4323888888889 2.17538888888889 8016 
51442 41.4023055555556 2.20277777777778 8005 
59179 41.3905833333333 2.14127777777778 8029 
46338 41.392 2.19180555555556 8005 
44181 41.4086111111111 2.19213888888889 8018 
50481 41.3562972222222 2.13039722222222 8908 
60199 41.3905833333333 2.14127777777778 8029 
48958 41.432 2.17952777777778 8016 
51335 41.43575 2.18836111111111 8030 
51245 41.3838888888889 2.1495 8015 
44424 41.4078055555556 2.16266666666667 8024 
40805 41.3938888888889 2.12422222222222 8034 
41472 41.3851944444444 2.14113888888889 8029 
40976 41.3667777777778 2.15363888888889 8038 
53346 41.4131944444444 2.2195 8019 
52106 41.3768333333333 2.18413888888889 8039 
49000 41.3998888888889 2.18286111111111 8013 
41607 41.3911111111111 2.15094444444444 8036 
55534 41.3971 2.14833888888889 8021 
51839 41.4146111111111 2.16880555555556 8024 
40921 41.3984444444444 2.14272222222222 8021 
55942 41.3911111111111 2.16252777777778 8007 
55714 41.3456944444444 2.12988888888889 8040 
48041 41.441475 2.20156666666667 8930 
41410 41.404 2.16277777777778 8012 
47977 41.3833888888889 2.15636111111111 8015 
49064 41.44 2.16083333333333 8031 
49083 41.4148611111111 2.18994444444444 8027 
53320 41.3920555555556 2.16444444444444 8007 
40560 41.393 2.13069444444444 8034 
48982 41.4315 2.1415 8035 
59158 41.3835 2.14383333333333 8029 
49058 41.3811111111111 2.16961111111111 8001 
52075 41.43575 2.18836111111111 8030 
48998 41.3811805555556 2.16004166666667 8015 
40748 41.3755833333333 2.11436111111111 8904 
54796 41.4251666666667 2.20719444444444 8020 
54798 41.3713888888889 2.15252777777778 8038 
46363 41.3871111111111 2.14963888888889 8029 
47715 41.4026916666667 2.16033055555556 8012 
50959 41.3929722222222 2.15255555555556 8036 
44154 41.3910277777778 2.14441666666667 8029 
51272 41.4078055555556 2.14644444444444 8006 
56530 41.3729444444444 2.15294444444444 8038 
50944 41.393 2.13069444444444 8034 
50909 41.3946666666667 2.15927777777778 8008 
40985 41.3796944444444 2.12866666666667 8028 
41499 41.3920833333333 2.14858333333333 8036 
60759 41.3810111111111 2.14143333333333 8014 
48229 41.3803055555556 2.16447222222222 8001 
48051 41.3817222222222 2.15102777777778 8015 
47935 41.3916944444444 2.1595 8008 
47801 41.4023055555556 2.20277777777778 8005 
51817 41.3805222222222 2.15872777777778 8015 
59930 41.4043888888889 2.15752777777778 8012 
41491 41.406 2.17444444444444 8025 
41531 41.3998888888889 2.18286111111111 8013 
49025 41.4351111111111 2.22952777777778 8918 
47787 41.3998888888889 2.18286111111111 8013 
47713 41.3908888888889 2.13272222222222 8014 
40521 41.4058055555556 2.15202777777778 8012 
54824 41.3803277777778 2.15804166666667 8015 
52124 41.4405 2.22091666666667 8913 
68015 41.3891111111111 2.20147222222222 8005 
51332 41.42615 2.17873888888889 8027 
59619 41.365 2.15055555555556 8038 
47958 41.4036861111111 2.20698055555556 8005 
41094 41.3374305555556 2.14653888888889 8040 
40896 41.3894833333333 2.13568888888889 8029 
58443 41.3922777777778 2.16972222222222 8009 
47962 41.4310833333333 2.18519444444444 8030 
56461 41.4027777777778 2.15103055555556 8012 
47536 41.39775 2.15625 8006 
51867 41.3681944444444 2.17541666666667 8038 
54795 41.3867361111111 2.17217777777778 8002 
40298 41.3661111111111 2.13713888888889 8038 
49027 41.3956111111111 2.15055555555556 8036 
61746 41.3893333333333 2.16161111111111 8011 
49109 41.4148888888889 2.19747222222222 8020 
44213 41.3953888888889 2.17608333333333 8010 
51319 41.4348055555556 2.20758333333333 8930 
49003 41.3831944444444 2.15819444444444 8015 
41318 41.4026916666667 2.16033055555556 8012 
55098 41.3696 2.15538055555556 8038 
51248 41.43775 2.17336111111111 8016 
47974 41.3838888888889 2.1495 8015 
51346 41.3846111111111 2.16116666666667 8011 
56519 41.3941666666667 2.16080555555556 8008 
56094 41.4382222222222 2.17075 8042 
48987 41.3796944444444 2.15236111111111 8015 
47861 41.3226388888889 2.14963888888889 8040 
51453 41.3919722222222 2.15494444444444 8036 
50775 41.3547888888889 2.14105555555556 8038 
47710 41.3984444444444 2.16130555555556 8008 
47925 41.3763055555556 2.14927777777778 8014 
48113 41.4111111111111 2.15294444444444 8024 
60461 41.3765555555556 2.15488888888889 8015 
44105 41.3991111111111 2.15236111111111 8006 
66230 41.3945083333333 2.17771388888889 8010 
40410 41.3631944444444 2.12675 8902 
49089 41.4201944444444 2.20338888888889 8020 
55618 41.3887777777778 2.17144444444444 8010 
40343 41.3598055555556 2.14227777777778 8038 
60792 41.3840555555556 2.15886111111111 8011 
48047 41.4198055555556 2.17244444444444 8041 
40486 41.3800555555556 2.1465 8015 
41573 41.3911555555556 2.12288055555556 8034 
40533 41.4005 2.15758333333333 8012 
40416 41.4043888888889 2.15752777777778 8012 
48004 41.3809722222222 2.17622222222222 8002 
40249 41.3911555555556 2.12288055555556 8034 
50426 41.3517972222222 2.13897222222222 8038 
56556 41.4351944444444 2.19016666666667 8030 
40340 41.3838055555556 2.128 8028 
47597 41.3517972222222 2.13897222222222 8038 
53803 41.4275555555556 2.17530555555556 8032 
46494 41.4037777777778 2.15333333333333 8012 
40780 41.3638888888889 2.12155555555556 8902 
49008 41.4265 2.18783333333333 8027 
41426 41.3920833333333 2.14858333333333 8036 
59286 41.38125 2.12333333333333 8028 
51503 41.392 2.19180555555556 8005 
47891 41.4298888888889 2.16611111111111 8031 
41478 41.3961388888889 2.16172222222222 8008 
54207 41.3955 2.16058333333333 8008 
55085 41.4322 2.19096111111111 8030 
40663 41.4033888888889 2.14816666666667 8006 
47913 41.4203888888889 2.18794444444444 8027 
51308 41.3756944444444 2.16780555555556 8004 
47983 41.4148611111111 2.18994444444444 8027 
40421 41.3805555555556 2.13905555555556 8014 
36944 41.4063888888889 2.18469444444444 8026 
53848 41.3938611111111 2.15144444444444 8036 
60382 41.3944166666667 2.15366666666667 8036 
43980 41.3911555555556 2.12288055555556 8034 
58037 41.4433166666667 2.19985277777778 8930 
53687 41.3836388888889 2.16971666666667 8001 
40449 41.3971666666667 2.14775 8021 
51353 41.3934722222222 2.148 8036 
52056 41.4303055555556 2.15522222222222 8032 
55965 41.4262777777778 2.17747222222222 8027 
41067 41.4033888888889 2.14816666666667 8006 
55630 41.3944 2.17676944444444 8010 
47541 41.3768888888889 2.13105555555556 8028 
49001 41.4028722222222 2.15756388888889 8012 
49006 41.3725555555556 2.16058333333333 8004 
49010 41.404 2.16277777777778 8012 
51317 41.3846944444444 2.17108333333333 8001 
55881 41.4082777777778 2.15041666666667 8012 
53326 41.3725555555556 2.16058333333333 8004 
53351 41.3967222222222 2.15241666666667 8006 
59860 41.3891944444444 2.15275 8036 
53817 41.3918055555556 2.16216666666667 8007 
46533 41.3851111111111 2.13513888888889 8014 
51307 41.3821111111111 2.16144444444444 8011 
41087 41.3838055555556 2.128 8028 
54971 41.3881111111111 2.15733333333333 8011 
47876 41.3721611111111 2.15615 8004 
61517 41.3781972222222 2.15722777777778 8015 
40981 41.3871944444444 2.13066666666667 8028 
48118 41.3700833333333 2.16686111111111 8038 
46405 41.3971666666667 2.14775 8021 
58899 41.3563888888889 2.1315 8908 
56654 41.393275 2.16720833333333 8007 
56103 41.3771444444444 2.16098611111111 8015 
53763 41.4186944444444 2.15163888888889 8023 
40952 41.3966944444444 2.13747222222222 8021 
55313 41.43 2.14441666666667 8035 
53927 41.3984444444444 2.14272222222222 8021 
40866 41.3868055555556 2.11725 8028 
49015 41.3778888888889 2.17325 8001 
53773 41.4076944444444 2.13633333333333 8022 
40691 41.3796944444444 2.12866666666667 8028 
49047 41.4148888888889 2.19747222222222 8020 
55875 41.4188138888889 2.13021111111111 8035 
59174 41.3905833333333 2.14127777777778 8029 
56690 41.3918055555556 2.16715833333333 8007 
41043 41.3894833333333 2.13568888888889 8029 
36926 41.3763055555556 2.14927777777778 8014 
51298 41.3900555555556 2.1575 8036 
48018 41.43775 2.17336111111111 8016 
47874 41.4118055555556 2.17444444444444 8025 
46352 41.3815555555556 2.1335 8028 
60522 41.3891944444444 2.16716666666667 8007 
44283 41.3736111111111 2.13338888888889 8014 
55880 41.3798055555556 2.15313888888889 8015 
59855 41.3821388888889 2.15791666666667 8015 
49068 41.3918888888889 2.14625 8029 
49007 41.3933055555556 2.15502777777778 8036 
46458 41.3938888888889 2.17916666666667 8010 
53342 41.4091111111111 2.15738888888889 8024 
56205 41.4320833333333 2.17947222222222 8016 
48158 41.4101944444444 2.17027777777778 8025 
44064 41.3751666666667 2.14941666666667 8004 
55582 41.3973527777778 2.17399166666667 8009 
40705 41.3851111111111 2.13513888888889 8014 
47875 41.4168972222222 2.20763888888889 8019 
40815 41.4005 2.15758333333333 8012 
48137 41.4393888888889 2.18608333333333 8030 
60042 41.3713333333333 2.15313888888889 8038 
56998 41.3760416666667 2.16037777777778 8004 
55026 41.4053055555556 2.14213888888889 8006 
47775 41.3865 2.19672222222222 8003 
52098 41.3796944444444 2.17627777777778 8002 
40265 41.3815555555556 2.1335 8028 
63696 41.4286416666667 2.17186111111111 8032 
41222 41.3776111111111 2.11969444444444 8028 
47957 41.4063888888889 2.18469444444444 8026 
53812 41.3796888888889 2.16177222222222 8015 
40512 41.3713888888889 2.14319444444444 8014 
57049 41.4433166666667 2.19985277777778 8930 
47911 41.4323888888889 2.17538888888889 8016 
60459 41.3878055555556 2.16280555555556 8011 
51273 41.3785722222222 2.15547222222222 8015 
52058 41.4203888888889 2.18794444444444 8027 
40809 41.3713888888889 2.14319444444444 8014 
49024 41.4078055555556 2.14644444444444 8006 
49137 41.3871944444444 2.13066666666667 8028 
40366 41.4033888888889 2.14816666666667 8006 
41302 41.3941944444444 2.14369444444444 8021 
44193 41.4033888888889 2.14816666666667 8006 
40552 41.3918888888889 2.14625 8029 
55585 41.3915277777778 2.14897222222222 8036 
46383 41.3963055555556 2.15658333333333 8008 
61146 41.40205 2.15243888888889 8012 
51268 41.4266666666667 2.18808333333333 8027 
40925 41.3971666666667 2.14775 8021 
50052 41.4048333333333 2.15056388888889 8012 
44201 41.3956944444444 2.18825 8018 
46483 41.4033888888889 2.14816666666667 8006 
50762 41.4118055555556 2.17444444444444 8025 
40582 41.4076111111111 2.18013888888889 8013 
54825 41.3946944444444 2.16638888888889 8007 
48081 41.4073888888889 2.13105555555556 8022 
56903 41.3721611111111 2.15615 8004 
40345 41.3868055555556 2.11725 8028 
48190 41.3833055555556 2.16719444444444 8001 
40664 41.3562972222222 2.13039722222222 8908 
50072 41.3896111111111 2.18266666666667 8003 
55311 41.3831388888889 2.15094444444444 8015 
41337 41.398 2.1635 8037 
50972 41.35275 2.13252777777778 8908 
47943 41.43775 2.17336111111111 8016 
69081 41.3759444444444 2.15066666666667 8004 
40481 41.3677388888889 2.1269 8902 
52093 41.3723 2.17258888888889 8004 
55191 41.3873333333333 2.1595 8011 
55953 41.3944722222222 2.16744444444444 8009 
49096 41.3941944444444 2.14369444444444 8021 
44403 41.3755833333333 2.11436111111111 8904 
56674 41.4274555555556 2.18580555555556 8027 
48257 41.4133055555556 2.14575 8023 
58340 41.3952194444444 2.17298055555556 8009 
41344 41.4064166666667 2.15597777777778 8012 
48174 41.3856944444444 2.15455555555556 8015 
68279 41.3884194444444 2.12726944444444 8028 
50194 41.4121944444444 2.18716666666667 8026 
47892 41.3856 2.17183888888889 8002 
47927 41.4208888888889 2.20791666666667 8020 
36924 41.3951111111111 2.16405555555556 8008 
49127 41.4005 2.15758333333333 8012 
51812 41.4328333333333 2.22094444444444 8930 
53861 41.3851944444444 2.18188888888889 8003 
56132 41.4264166666667 2.17719444444444 8027 
48009 41.4298888888889 2.16611111111111 8031 
47985 41.4168972222222 2.20763888888889 8019 
46611 41.404 2.16277777777778 8012 
46326 41.3898055555556 2.14397222222222 8029 
52061 41.3456944444444 2.12988888888889 8040 
36935 41.397 2.16947222222222 8009 
46381 41.3851944444444 2.14113888888889 8029 
58401 41.3888055555556 2.17183333333333 8010 
46437 41.3938888888889 2.17916666666667 8010 
55278 41.3936666666667 2.17672222222222 8010 
46576 41.3896111111111 2.18266666666667 8003 
44024 41.3995083333333 2.15007777777778 8006 
61612 41.4287222222222 2.22566666666667 8930 
51277 41.4476111111111 2.17841666666667 8042 
64216 41.3893888888889 2.15625 8036 
52129 41.43 2.14441666666667 8035 
50098 41.3974166666667 2.16297222222222 8008 
40935 41.3730833333333 2.12225 8903 
53349 41.4053055555556 2.14213888888889 8006 
63347 41.3928611111111 2.15616666666667 8036 
48036 41.4168972222222 2.20763888888889 8019 
51796 41.4031944444444 2.15405555555556 8012 
40523 41.3769166666667 2.12447222222222 8028 
47964 41.3756944444444 2.16780555555556 8004 
47959 41.3941944444444 2.14369444444444 8021 
47813 41.3815555555556 2.1335 8028 
47678 41.4017777777778 2.1555 8012 
56584 41.3903833333333 2.13468333333333 8029 
50907 41.392 2.15633333333333 8036 
40626 41.393 2.13069444444444 8034 
44196 41.3963055555556 2.15658333333333 8008 
49764 41.3896944444444 2.14447222222222 8029 
47923 41.4246111111111 2.17313888888889 8032 
40362 41.3638888888889 2.12155555555556 8902 
48058 41.4221111111111 2.18083333333333 8027 
41100 41.3911111111111 2.15094444444444 8036 
49013 41.38925 2.12811111111111 8028 
58035 41.3918055555556 2.16715833333333 8007 
53316 41.3796944444444 2.17627777777778 8002 
48050 41.3700083333333 2.14889166666667 8038 
49051 41.4146111111111 2.16880555555556 8024 
47961 41.4323888888889 2.17538888888889 8016 
40686 41.3733055555556 2.13894444444444 8014 
48022 41.4351111111111 2.22952777777778 8918 
52063 41.3872777777778 2.17308333333333 8002 
48119 41.3881111111111 2.15733333333333 8011 
58831 41.3903833333333 2.13468333333333 8029 
55185 41.3824722222222 2.15294444444444 8015 
54822 41.3875 2.1665 8001 
47556 41.3918888888889 2.14625 8029 
50969 41.4426111111111 2.20613888888889 8930 
49056 41.3768333333333 2.18413888888889 8039 
55941 41.3884694444444 2.17016666666667 8002 
60656 41.4057527777778 2.15719444444444 8012 
55599 41.3998194444444 2.21151111111111 8019 
41546 41.4078055555556 2.16266666666667 8024 
40544 41.3768888888889 2.13105555555556 8028 
48159 41.4251666666667 2.20719444444444 8020 
51217 41.398 2.1635 8037 
48016 41.42615 2.17873888888889 8027 
41438 41.38925 2.12811111111111 8028 
47885 41.4101944444444 2.17027777777778 8025 
47984 41.4113055555556 2.13822222222222 8022 
47903 41.4104083333333 2.16233888888889 8024 
56045 41.3959722222222 2.16377777777778 8008 
53683 41.3896944444444 2.17741666666667 8003 
60794 41.3805 2.15588888888889 8015 
59970 41.3998888888889 2.17988888888889 8013 
50471 41.397 2.16947222222222 8009 
57862 41.39415 2.17388888888889 8010 
41299 41.3805555555556 2.13905555555556 8014 
41467 41.3838055555556 2.128 8028 
40932 41.3918888888889 2.14625 8029 
47676 41.3835 2.14383333333333 8029 
51607 41.3870277777778 2.14736111111111 8029 
54787 41.3888055555556 2.17183333333333 8010 
54249 41.3915 2.19597222222222 8005 
48005 41.3917777777778 2.16955555555556 8007 
40478 41.3835 2.14383333333333 8029 
51316 41.3768333333333 2.18413888888889 8039 
54783 41.4326111111111 2.16933333333333 8031 
48040 41.4203888888889 2.18794444444444 8027 
41380 41.3811944444444 2.18097222222222 8002 
40699 41.393 2.13069444444444 8034 
47997 41.4299166666667 2.20205555555556 8020 
51350 41.3856111111111 2.18741666666667 8003 
56071 41.3926111111111 2.20333333333333 8005 
55888 41.3928611111111 2.16730555555556 8007 
60760 41.3692277777778 2.16261111111111 8038 
40876 41.3894833333333 2.13568888888889 8029 
48035 41.4235277777778 2.16030555555556 8032 
44175 41.3955277777778 2.15494444444444 8008 
44329 41.3991111111111 2.15236111111111 8006 
44244 41.3677388888889 2.1269 8902 
55454 41.4178611111111 2.17506944444444 8041 
43932 41.3911555555556 2.12288055555556 8034 
48108 41.4158055555556 2.16341666666667 8024 
48232 41.4328333333333 2.22094444444444 8930 
55978 41.3815555555556 2.15411111111111 8015 
41547 41.3911111111111 2.15094444444444 8036 
40439 41.372 2.12925 8028 
48117 41.3899444444444 2.16941666666667 8007 
53767 41.4298888888889 2.16611111111111 8031 
57406 41.3649 2.15791111111111 8038 
53358 41.3823333333333 2.15277777777778 8015 
53341 41.4091111111111 2.15738888888889 8024 
49054 41.4033888888889 2.14816666666667 8006 
51320 41.3758055555556 2.15602777777778 8004 
55458 41.3759444444444 2.15066666666667 8004 
46442 41.3953888888889 2.17608333333333 8010 
51284 41.4246111111111 2.17313888888889 8032 
48175 41.4118055555556 2.17444444444444 8025 
47871 41.4221111111111 2.18083333333333 8027 
44220 41.4061944444444 2.16294444444444 8037 
52076 41.3803055555556 2.16447222222222 8001 
46321 41.3851944444444 2.14113888888889 8029 
50483 41.3998055555556 2.19575 8005 
49115 41.4326111111111 2.16933333333333 8031 
40316 41.3598055555556 2.14227777777778 8038 
51283 41.4125277777778 2.17272222222222 8025 
56127 41.4301944444444 2.15811111111111 8032 
40554 41.3938888888889 2.12422222222222 8034 
56129 41.3813611111111 2.15311111111111 8015 
49803 41.3951 2.17328888888889 8009 
47960 41.3547888888889 2.14105555555556 8038 
40341 41.3838055555556 2.128 8028 
46320 41.3966944444444 2.13747222222222 8021 
54466 41.3681944444444 2.17541666666667 8038 
55072 41.4351111111111 2.22952777777778 8918 
41293 41.3941944444444 2.14369444444444 8021 
56053 41.3616666666667 2.13219444444444 8908 
54999 41.4038055555556 2.137 8021 
59168 41.3905833333333 2.14127777777778 8029 
34065 41.4104083333333 2.16233888888889 8024 
54784 41.3928611111111 2.16730555555556 8007 
51805 41.4245277777778 2.18708333333333 8027 
47939 41.4023055555556 2.20277777777778 8005 
55950 41.3892777777778 2.15636111111111 8036 
36929 41.3940555555556 2.16225 8008 
51455 41.4004916666667 2.14688888888889 8006 
41200 41.4043888888889 2.15752777777778 8012 
52114 41.3794583333333 2.15796388888889 8015 
47857 41.3800555555556 2.1465 8015 
49917 41.38925 2.12811111111111 8028 
49032 41.4235277777778 2.16030555555556 8032 
55879 41.3922888888889 2.138225 8029 
49098 41.3975277777778 2.14597222222222 8021 
55639 41.3562972222222 2.13039722222222 8908 
59934 41.4043888888889 2.15752777777778 8012 
47816 41.3815555555556 2.1335 8028 
50448 41.40205 2.15243888888889 8012 
53675 41.3900555555556 2.14658333333333 8029 
40260 41.3733055555556 2.13894444444444 8014 
55878 41.3875 2.1665 8001 
41415 41.3687111111111 2.14598888888889 8038 
52089 41.3811111111111 2.16961111111111 8001 
59856 41.3948888888889 2.1695 8009 
52067 41.3833055555556 2.16719444444444 8001 
41150 41.3677388888889 2.1269 8902 
40509 41.3631944444444 2.12675 8902 
48144 41.3953888888889 2.17608333333333 8010 
51276 41.3725555555556 2.16058333333333 8004 
51469 41.3893055555556 2.15172222222222 8036 
60761 41.3692277777778 2.16261111111111 8038 
47906 41.4251666666667 2.20719444444444 8020 
49009 41.4131222222222 2.20339722222222 8020 
55312 41.3831944444444 2.15819444444444 8015 
48104 41.3883055555556 2.16661111111111 8007 
40761 41.3871944444444 2.13066666666667 8028 
48139 41.4029722222222 2.16988888888889 8025 
51343 41.4131222222222 2.20339722222222 8020 
52112 41.3918055555556 2.16216666666667 8007 
50002 41.38925 2.12811111111111 8028 
52134 41.3881944444444 2.14930555555556 8029 
41620 41.411 2.17991666666667 8026 
52107 41.3875 2.1665 8001 
58638 41.38125 2.12333333333333 8028 
48981 41.4005 2.144 8021 
50522 41.4091111111111 2.15738888888889 8024 
54520 41.3883888888889 2.145 8029 
61244 41.4005 2.144 8021 
49123 41.44 2.17655555555556 8016 
52049 41.3875 2.15022222222222 8029 
52125 41.4491111111111 2.18580555555556 8033 
47688 41.3851944444444 2.14113888888889 8029 
41476 41.3871944444444 2.13066666666667 8028 
48994 41.3761944444444 2.16383333333333 8004 
48019 41.3856111111111 2.18741666666667 8003 
51306 41.4076944444444 2.13633333333333 8022 
57868 41.3616666666667 2.13219444444444 8908 
48237 41.3721611111111 2.15615 8004 
59401 41.4274555555556 2.18580555555556 8027 
53771 41.4155 2.13955555555556 8023 
59977 41.38675 2.15722222222222 8011 
46452 41.3821111111111 2.19119444444444 8003 
35026 41.4038055555556 2.137 8021 
55561 41.40205 2.15243888888889 8012 
40570 41.3709722222222 2.11825 8904 
52074 41.4265 2.18783333333333 8027 
47694 41.3751666666667 2.14941666666667 8004 
48097 41.3915 2.19597222222222 8005 
51395 41.388125 2.17809722222222 8003 
53684 41.3868888888889 2.17347222222222 8002 
48046 41.4328333333333 2.22094444444444 8930 
48136 41.3868888888889 2.17347222222222 8002 
41068 41.3838055555556 2.128 8028 
52121 41.4158055555556 2.16341666666667 8024 
44061 41.3911555555556 2.12288055555556 8034 
40519 41.4063888888889 2.18469444444444 8026 
46486 41.3926944444444 2.15130555555556 8036 
57120 41.4121666666667 2.21843888888889 8019 
34064 41.4153888888889 2.18133333333333 8026 
40515 41.3800555555556 2.1465 8015 
40319 41.3661111111111 2.13713888888889 8038 
51798 41.4078055555556 2.14644444444444 8006 
51354 41.3784722222222 2.16586111111111 8001 
60035 41.3713333333333 2.15313888888889 8038 
40561 41.4101944444444 2.17027777777778 8025 
53299 41.3998194444444 2.21151111111111 8019 
53764 41.3864444444444 2.16061111111111 8011 
53674 41.3929722222222 2.14388888888889 8029 
40708 41.3709722222222 2.11825 8904 
53680 41.3781944444444 2.16069444444444 8015 
48218 41.3961944444444 2.1655 8009 
55106 41.3885555555556 2.15377777777778 8036 
55886 41.3826666666667 2.15633333333333 8015 
55919 41.4178611111111 2.17506944444444 8041 
48977 41.4178611111111 2.17506944444444 8041 
40714 41.3911111111111 2.15094444444444 8036 
36930 41.4326111111111 2.16933333333333 8031 
66256 41.4086666666667 2.13413888888889 8022 
52122 41.3850333333333 2.17004444444444 8001 
54833 41.3713888888889 2.15252777777778 8038 
53353 41.4073888888889 2.13105555555556 8022 
51274 41.4153888888889 2.18133333333333 8026 
53810 41.4113055555556 2.13822222222222 8022 
43981 41.3374305555556 2.14653888888889 8040 
40757 41.3631944444444 2.12675 8902 
48021 41.4131222222222 2.20339722222222 8020 
41120 41.4101944444444 2.17027777777778 8025 
58573 41.3873138888889 2.16991388888889 8002 
40323 41.372 2.12925 8028 
40399 41.3971666666667 2.14775 8021 
51842 41.4348055555556 2.20758333333333 8930 
55693 41.3933611111111 2.17478611111111 8010 
41653 41.3851111111111 2.13513888888889 8014 
49102 41.3918055555556 2.16216666666667 8007 
47655 41.3908888888889 2.13272222222222 8014 
53808 41.4315 2.1415 8035 
46444 41.3517972222222 2.13897222222222 8038 
40527 41.3733055555556 2.13894444444444 8014 
40442 41.3661111111111 2.13713888888889 8038 
49116 41.3938888888889 2.18169444444444 8013 
44170 41.398 2.20310833333333 8005 
47981 41.4155 2.13955555555556 8023 
54791 41.4111111111111 2.15294444444444 8024 
51336 41.3781944444444 2.16069444444444 8015 
48056 41.3796944444444 2.15236111111111 8015 
54541 41.3818055555556 2.15527777777778 8015 
57929 41.3696 2.15538055555556 8038 
52111 41.3928611111111 2.16730555555556 8007 
59372 41.3648166666667 2.15379166666667 8038 
36928 41.3864972222222 2.18141944444444 8003 
55931 41.3823888888889 2.16433333333333 8001 
40647 41.3709722222222 2.11825 8904 
51518 41.3881666666667 2.15058333333333 8029 
51845 41.3961944444444 2.1655 8009 
55947 41.3805555555556 2.15425 8015 
44215 41.3815555555556 2.1335 8028 
40529 41.4078055555556 2.16266666666667 8024 
49799 41.3821111111111 2.19119444444444 8003 
47978 41.4131944444444 2.2195 8019 
40293 41.3805555555556 2.13905555555556 8014 
49787 41.398 2.1635 8037 
47979 41.3918888888889 2.14625 8029 
54974 41.3788194444444 2.16257222222222 8015 
41601 41.3938888888889 2.17916666666667 8010 
40459 41.3963055555556 2.15658333333333 8008 
36931 41.4153888888889 2.18133333333333 8026 
41197 41.4051944444444 2.16847222222222 8025 
49020 41.3908888888889 2.13272222222222 8014 
46604 41.4076111111111 2.18013888888889 8013 
58596 41.3668222222222 2.15679444444444 8038 
54303 41.3961388888889 2.16172222222222 8008 
40308 41.3971666666667 2.14775 8021 
35021 41.3956944444444 2.18825 8018 
57033 41.3750277777778 2.15513888888889 8004 
48031 41.4426111111111 2.20613888888889 8930 
59884 41.38275 2.14869444444444 8015 
48070 41.4235277777778 2.16030555555556 8032 
40822 41.3911111111111 2.15094444444444 8036 
40572 41.3933055555556 2.15502777777778 8036 
55019 41.3832222222222 2.14888888888889 8015 
48178 41.3796944444444 2.17627777777778 8002 
41092 41.35625 2.12522222222222 8908 
53301 41.3955555555556 2.15977777777778 8008 
60533 41.3926388888889 2.14677777777778 8036 
61151 41.4051583333333 2.16509722222222 8037 
51252 41.3831944444444 2.15819444444444 8015 
41180 41.406 2.17444444444444 8025 
51267 41.4246111111111 2.17313888888889 8032 
41617 41.4058055555556 2.15202777777778 8012 
40658 41.3991111111111 2.15236111111111 8006 
60763 41.3871111111111 2.14963888888889 8029 
47872 41.4315 2.1415 8035 
47988 41.3758055555556 2.15602777777778 8004 
51832 41.3807777777778 2.15125 8015 
41385 41.4051944444444 2.16847222222222 8025 
53673 41.44 2.17655555555556 8016 
41343 41.3769166666667 2.12447222222222 8028 
40454 41.3871111111111 2.14963888888889 8029 
50870 41.403275 2.16745833333333 8037 
60777 41.3692277777778 2.16261111111111 8038 
40998 41.3769166666667 2.12447222222222 8028 
51249 41.3840833333333 2.154 8015 
48039 41.3846111111111 2.16116666666667 8011 
49119 41.3984444444444 2.14272222222222 8021 
40403 41.411 2.17991666666667 8026 
52119 41.3811944444444 2.18097222222222 8002 
60764 41.3871111111111 2.14963888888889 8029 
41339 41.3971666666667 2.14775 8021 
57381 41.4121666666667 2.21843888888889 8019 
49053 41.4131944444444 2.2195 8019 
40632 41.3995083333333 2.15007777777778 8006 
48233 41.4303055555556 2.15522222222222 8032 
46514 41.3776111111111 2.11969444444444 8028 
58423 41.3921111111111 2.15025 8036 
55621 41.3998194444444 2.21151111111111 8019 
47933 41.4076944444444 2.13633333333333 8022 
53332 41.4073888888889 2.13105555555556 8022 
51818 41.4125277777778 2.17272222222222 8025 
46603 41.3961388888889 2.16172222222222 8008 
55423 41.3959194444444 2.17298055555556 8009 
40945 41.3638888888889 2.12155555555556 8902 
59902 41.3842083333333 2.15332777777778 8015 
49110 41.4158055555556 2.16341666666667 8024 
52085 41.3756944444444 2.16780555555556 8004 
60091 41.4043888888889 2.15752777777778 8012 
48268 41.4348055555556 2.20758333333333 8930 
41249 41.3835 2.14383333333333 8029 
55314 41.391 2.15855555555556 8036 
40328 41.3768888888889 2.13105555555556 8028 
48053 41.397 2.16947222222222 8009 
40538 41.3755833333333 2.11436111111111 8904 
51828 41.432 2.17952777777778 8016 
41612 41.4078055555556 2.21244444444444 8019 
60005 41.3967777777778 2.16141666666667 8008 
48241 41.3849444444444 2.15875 8011 
60200 41.3905833333333 2.14127777777778 8029 
58399 41.3881888888889 2.12501388888889 8028 
54788 41.3861 2.16945833333333 8001 
48249 41.441475 2.20156666666667 8930 
50904 41.35275 2.13252777777778 8908 
50500 41.3846944444444 2.17108333333333 8001 
50967 41.3506111111111 2.14827777777778 8038 
41030 41.3687111111111 2.14598888888889 8038 
48030 41.3911944444444 2.16444444444444 8007 
47895 41.3856944444444 2.15455555555556 8015 
40766 41.3800555555556 2.1465 8015 
48115 41.3723 2.17258888888889 8004 
53335 41.3881111111111 2.15733333333333 8011 
40563 41.3736111111111 2.13338888888889 8014 
51333 41.3796944444444 2.15236111111111 8015 
47504 41.3456944444444 2.12988888888889 8040 
41382 41.3938888888889 2.12422222222222 8034 
52096 41.3961944444444 2.1655 8009 
49038 41.4405 2.22091666666667 8913 
61242 41.4005 2.144 8021 
53304 41.4012277777778 2.15088888888889 8006 
49044 41.3991111111111 2.15236111111111 8006 
51498 41.3936638888889 2.17763888888889 8010 
54481 41.3913638888889 2.177125 8010 
48169 41.4405 2.22091666666667 8913 
47926 41.4104083333333 2.16233888888889 8024 
40365 41.3911111111111 2.15094444444444 8036 
51299 41.3846111111111 2.16116666666667 8011 
50474 41.3908055555556 2.15491666666667 8036 
40651 41.393 2.13069444444444 8034 
40675 41.3868055555556 2.11725 8028 
44204 41.3938888888889 2.18169444444444 8013 
41379 41.4086111111111 2.19213888888889 8018 
50076 41.3941944444444 2.14369444444444 8021 
49103 41.4133055555556 2.14575 8023 
55186 41.4138055555556 2.12741666666667 8035 
56017 41.3940888888889 2.14521111111111 8036 
48094 41.3896111111111 2.18266666666667 8003 
56047 41.3884694444444 2.17016666666667 8002 
41195 41.3918888888889 2.14625 8029 
49819 41.3937777777778 2.15722222222222 8008 
44335 41.3226388888889 2.14963888888889 8040 
60013 41.3995277777778 2.15860277777778 8012 
59882 41.3875 2.15511111111111 8011 
67679 41.3860277777778 2.15744444444444 8011 
40974 41.3908888888889 2.13272222222222 8014 
40867 41.35625 2.12522222222222 8908 
41331 41.3851111111111 2.13513888888889 8014 
49014 41.4476111111111 2.17841666666667 8042 
48096 41.3778888888889 2.17325 8001 
51334 41.3826583333333 2.17541666666667 8002 
56156 41.3886 2.16958888888889 8002 
41530 41.3805555555556 2.13905555555556 8014 
41501 41.4076111111111 2.18013888888889 8013 
44208 41.372 2.12925 8028 
59013 41.3884166666667 2.15466666666667 8036 
52079 41.3871111111111 2.14963888888889 8029 
56462 41.35625 2.12522222222222 8908 
49918 41.3374305555556 2.14653888888889 8040 
55920 41.3887777777778 2.17144444444444 8010 
49749 41.3850555555556 2.14663888888889 8029 
63396 41.391 2.15955555555556 8011 
54211 41.3915 2.15369444444444 8036 
48048 41.4221111111111 2.18083333333333 8027 
49130 41.3893333333333 2.15708333333333 8011 
40898 41.3871944444444 2.13066666666667 8028 
49106 41.3956944444444 2.18825 8018 
36933 41.3866388888889 2.17466666666667 8002 
58038 41.3881888888889 2.12501388888889 8028 
44387 41.3713888888889 2.14319444444444 8014 
46380 41.3898055555556 2.14397222222222 8029 
44028 41.3956111111111 2.15055555555556 8036 
48003 41.3810222222222 2.17748888888889 8002 
40337 41.3736111111111 2.13338888888889 8014 
40375 41.3730833333333 2.12225 8903 
48228 41.4111111111111 2.15294444444444 8024 
41523 41.4058055555556 2.15202777777778 8012 
62361 41.3945 2.15002777777778 8036 
49052 41.392 2.19180555555556 8005 
51815 41.4121944444444 2.18716666666667 8026 
51270 41.3838888888889 2.1495 8015 
53813 41.3781944444444 2.16069444444444 8015 
44150 41.3833666666667 2.14651666666667 8029 
41368 41.3908888888889 2.13272222222222 8014 
40583 41.38925 2.12811111111111 8028 
48132 41.4265 2.18783333333333 8027 
48014 41.4208888888889 2.20791666666667 8020 
68280 41.3884194444444 2.12726944444444 8028 
40501 41.3805555555556 2.13905555555556 8014 
50818 41.3956388888889 2.15716666666667 8008 
40397 41.3851111111111 2.13513888888889 8014 
49046 41.4036861111111 2.20698055555556 8005 
50829 41.3835 2.14383333333333 8029 
51256 41.44 2.17655555555556 8016 
66584 41.3868888888889 2.16180555555556 8011 
48173 41.4146111111111 2.16880555555556 8024 
54216 41.3911388888889 2.15002777777778 8036 
