60667 40.437 -3.68133333333333 28006 
5286 40.3978611111111 -3.65913888888889 28038 
12761 40.4228888888889 -3.67341666666667 28009 
9146 40.451 -3.69947222222222 28020 
8494 40.4256111111111 -3.69916666666667 28004 
12595 40.4202861111111 -3.70558055555556 28013 
11322 40.4316111111111 -3.69175 28010 
9412 40.4113055555556 -3.70830555555556 28005 
11277 40.43175 -3.67558333333333 28006 
11224 40.3804555555556 -3.69391111111111 28041 
12138 40.4141111111111 -3.70741666666667 28005 
4953 40.3459166666667 -3.67038888888889 28051 
10034 40.4223055555556 -3.68611111111111 28014 
7678 40.3957777777778 -3.76794444444444 28024 
13501 40.4246111111111 -3.67316666666667 28009 
8472 40.4231111111111 -3.70527777777778 28004 
8491 40.4283888888889 -3.70555555555556 28015 
8839 40.41 -3.70297222222222 28012 
12076 40.4246111111111 -3.67316666666667 28009 
8101 40.3308611111111 -3.76263888888889 28910 
10102 40.4278333333333 -3.67008333333333 28009 
9115 40.3768055555556 -3.75130555555556 28044 
11669 40.4146111111111 -3.70125 28012 
13096 40.4331666666667 -3.68797222222222 28010 
10761 40.3452777777778 -3.72416666666667 28917 
9972 40.4191944444444 -3.70297222222222 28013 
8545 40.3836944444444 -3.65644166666667 28018 
9988 40.4213888888889 -3.70008333333333 28004 
10074 40.4323888888889 -3.70652777777778 28015 
9261 40.4411944444444 -3.71513888888889 28040 
8502 40.4314166666667 -3.70192222222222 28010 
14893 40.4138055555556 -3.67508333333333 28009 
58566 40.4347222222222 -3.68666666666667 28006 
9112 40.4038888888889 -3.69805555555556 28012 
11659 40.4313055555556 -3.70452777777778 28015 
7963 40.3565277777778 -3.75405555555556 28917 
9544 40.451 -3.69947222222222 28020 
10126 40.4295 -3.72736111111111 28008 
10053 40.4313888888889 -3.67788888888889 28001 
11644 40.44 -3.68788888888889 28006 
5083 40.3948333333333 -3.65855555555556 28038 
11283 40.4108888888889 -3.69769444444444 28012 
9152 40.4499722222222 -3.70225 28020 
10035 40.4223055555556 -3.68611111111111 28014 
11375 40.4346944444444 -3.68194444444444 28006 
8632 40.3601666666667 -3.69463888888889 28041 
8829 40.4141111111111 -3.70927777777778 28005 
8309 40.3719777777778 -3.72935 28025 
8375 40.3924444444444 -3.72002777777778 28019 
11358 40.4384166666667 -3.67669444444444 28006 
8030 40.3911388888889 -3.71425 28019 
11651 40.4286944444444 -3.69044444444444 28010 
9989 40.4266083333333 -3.70248888888889 28004 
5030 40.4020833333333 -3.67336111111111 28007 
14791 40.41075 -3.74869444444444 28011 
12149 40.4193611111111 -3.68861111111111 28014 
4680 40.3837277777778 -3.64821111111111 28038 
14314 40.4341111111111 -3.68194444444444 28006 
14715 40.4315 -3.68583333333333 28001 
12096 40.4283333333333 -3.67338888888889 28006 
8856 40.3968611111111 -3.76202777777778 28024 
13041 40.4259444444444 -3.67097222222222 28009 
11362 40.4108888888889 -3.69769444444444 28012 
13226 40.4313888888889 -3.71247222222222 28015 
12128 40.4275916666667 -3.68527222222222 28001 
11481 40.4376111111111 -3.69369444444444 28010 
59079 40.4224694444444 -3.70405277777778 28004 
5092 40.4088888888889 -3.68636111111111 28014 
9131 40.3975 -3.71886111111111 28019 
10043 40.4186111111111 -3.67663888888889 28009 
12068 40.4246111111111 -3.67827777777778 28009 
11295 40.424 -3.68188888888889 28001 
55832 40.4406944444444 -3.67791666666667 28002 
9405 40.3699805555556 -3.70233611111111 28041 
12137 40.4358888888889 -3.69633333333333 28010 
10061 40.4246111111111 -3.67316666666667 28009 
11443 40.4203055555556 -3.69552777777778 28004 
10004 40.4161111111111 -3.70222222222222 28012 
8370 40.389 -3.75269444444444 28047 
9422 40.4519166666667 -3.7135 28040 
10076 40.4313888888889 -3.68444444444444 28006 
8485 40.4191944444444 -3.70297222222222 28013 
8515 40.4308055555556 -3.67261111111111 28006 
12116 40.3865833333333 -3.70541666666667 28026 
11634 40.4351805555556 -3.67224444444444 28028 
9437 40.3727361111111 -3.71583611111111 28041 
11317 40.4376111111111 -3.69369444444444 28010 
11335 40.4381111111111 -3.68888888888889 28010 
60685 40.4198527777778 -3.68910277777778 28014 
4903 40.3914444444444 -3.67266666666667 28018 
14214 40.4096111111111 -3.71244444444444 28005 
11275 40.429475 -3.71558333333333 28008 
11645 40.4328888888889 -3.66894444444444 28028 
4519 40.3994722222222 -3.66866666666667 28007 
11631 40.4358888888889 -3.69633333333333 28010 
8867 40.3849 -3.71 28026 
10051 40.4191944444444 -3.69858333333333 28013 
13502 40.419 -3.69727777777778 28014 
14640 40.4161111111111 -3.69916666666667 28012 
8220 40.4063888888889 -3.699 28012 
11703 40.4186111111111 -3.67663888888889 28009 
10088 40.4384166666667 -3.67669444444444 28006 
13121 40.4241666666667 -3.6865 28001 
58601 40.3961 -3.67433888888889 28045 
10036 40.4308055555556 -3.67261111111111 28006 
10055 40.4135 -3.69716666666667 28012 
14020 40.4098611111111 -3.70897222222222 28005 
14318 40.4040833333333 -3.70261111111111 28005 
11396 40.4346277777778 -3.67969722222222 28006 
5122 40.3906666666667 -3.68636111111111 28045 
60609 40.3957472222222 -3.66022222222222 28038 
60970 40.4257138888889 -3.67640277777778 28001 
12660 40.4303055555556 -3.68222222222222 28001 
8602 40.3529722222222 -3.68225 28000 
4538 40.406 -3.67291666666667 28007 
11653 40.4120361111111 -3.702625 28012 
8225 40.3919444444444 -3.76172222222222 28024 
7710 40.3263888888889 -3.71441666666667 28903 
8804 40.3926388888889 -3.72638888888889 28019 
60675 40.4154444444444 -3.66802777777778 28007 
8730 40.4086111111111 -3.69233333333333 28012 
58704 40.3264166666667 -3.71991666666667 28903 
8818 40.4021111111111 -3.71072222222222 28005 
13551 40.4263055555556 -3.67391666666667 28009 
8518 40.4283888888889 -3.70555555555556 28015 
59245 40.4265 -3.71138888888889 28008 
11610 40.3719777777778 -3.72935 28025 
57978 40.3986666666667 -3.67452777777778 28045 
12229 40.4163888888889 -3.6975 28014 
12638 40.3738055555556 -3.74794166666667 28044 
11398 40.4351944444444 -3.68972222222222 28010 
58650 40.4352222222222 -3.68388888888889 28006 
11575 40.4343055555556 -3.69688888888889 28010 
7721 40.3139166666667 -3.71594444444444 28903 
11674 40.4346944444444 -3.68194444444444 28006 
9771 40.3263888888889 -3.71441666666667 28903 
12121 40.4420555555556 -3.68194444444444 28006 
8833 40.4155 -3.72766666666667 28011 
60374 40.4263055555556 -3.67827777777778 28001 
10598 40.4071388888889 -3.72041666666667 28005 
9337 40.3803888888889 -3.78452777777778 28044 
8501 40.4108888888889 -3.69769444444444 28012 
7815 40.45275 -3.70938888888889 28039 
8991 40.3939444444444 -3.72327777777778 28019 
59525 40.4365833333333 -3.69013888888889 28010 
8145 40.3263888888889 -3.71441666666667 28903 
10068 40.4358055555556 -3.70272222222222 28010 
8229 40.3988888888889 -3.70113888888889 28005 
10075 40.4313888888889 -3.70880555555556 28015 
58625 40.4300833333333 -3.70786111111111 28015 
13067 40.4261944444444 -3.68766666666667 28001 
11330 40.4368833333333 -3.67920555555556 28006 
60000 40.4219055555556 -3.70786111111111 28013 
12231 40.4129166666667 -3.69791666666667 28012 
11647 40.4158055555556 -3.67258333333333 28009 
4659 40.3906666666667 -3.68636111111111 28045 
12126 40.4208083333333 -3.67458333333333 28009 
5140 40.4086111111111 -3.69233333333333 28012 
8729 40.4319166666667 -3.69658888888889 28010 
13289 40.3952055555556 -3.70659722222222 28019 
11183 40.4281944444444 -3.71605555555556 28008 
7861 40.3961944444444 -3.69741666666667 28045 
58597 40.4188055555556 -3.70319444444444 28013 
8222 40.3398611111111 -3.74063888888889 28916 
10599 40.3672222222222 -3.72611111111111 28025 
8852 40.3900555555556 -3.73911111111111 28025 
5115 40.3994722222222 -3.66866666666667 28007 
13520 40.4388611111111 -3.67569444444444 28002 
13293 40.4313888888889 -3.68444444444444 28006 
8421 40.3926388888889 -3.72638888888889 28019 
14384 40.4053888888889 -3.69091666666667 28045 
7824 40.4045 -3.74038888888889 28047 
13555 40.4295 -3.68888888888889 28010 
9377 40.3863166666667 -3.71587777777778 28026 
10063 40.4323888888889 -3.71166666666667 28015 
8934 40.4155 -3.72766666666667 28011 
14217 40.4181944444444 -3.67680555555556 28009 
8794 40.4088888888889 -3.68636111111111 28014 
13820 40.416875 -3.69897222222222 28014 
11321 40.4146111111111 -3.70125 28012 
15066 40.4230333333333 -3.68597777777778 28001 
4893 40.3944194444444 -3.66522222222222 28018 
4667 40.3770944444444 -3.658925 28018 
10079 40.417 -3.70430555555556 28012 
12624 40.4178888888889 -3.68805555555556 28014 
8489 40.4178055555556 -3.70211111111111 28013 
10467 40.38725 -3.73447222222222 28025 
9764 40.4030555555556 -3.70272222222222 28005 
8586 40.406 -3.67291666666667 28007 
10283 40.3727361111111 -3.71583611111111 28041 
9419 40.41 -3.70297222222222 28012 
13077 40.4141111111111 -3.70927777777778 28005 
12071 40.44 -3.68788888888889 28006 
11633 40.4241666666667 -3.6865 28001 
9420 40.3631666666667 -3.69491666666667 28041 
5287 40.3948333333333 -3.65855555555556 28038 
12123 40.4361111111111 -3.67825 28006 
4431 40.3770944444444 -3.658925 28018 
12115 40.4168888888889 -3.70658333333333 28012 
8557 40.4053888888889 -3.67705555555556 28007 
4390 40.3889722222222 -3.65938888888889 28018 
11348 40.4286944444444 -3.69044444444444 28010 
56355 40.4153055555556 -3.70722222222222 28045 
59830 40.4375 -3.67472222222222 28028 
12094 40.4266111111111 -3.6795 28001 
8837 40.3911388888889 -3.71425 28019 
8816 40.4148055555556 -3.71833333333333 28005 
10878 40.3565277777778 -3.75405555555556 28917 
9981 40.4371944444444 -3.71455555555556 28015 
11292 40.4236111111111 -3.69827777777778 28004 
12145 40.419 -3.69727777777778 28014 
8898 40.3783888888889 -3.77066666666667 28044 
4392 40.3994722222222 -3.66866666666667 28007 
8547 40.4020833333333 -3.67336111111111 28007 
7813 40.3565277777778 -3.75405555555556 28917 
12079 40.4169083333333 -3.70076388888889 28012 
11180 40.4452777777778 -3.72 28040 
8854 40.4096944444444 -3.72897222222222 28011 
10128 40.3863166666667 -3.71587777777778 28026 
14203 40.4231111111111 -3.68277777777778 28001 
13517 40.4301388888889 -3.69063888888889 28010 
12105 40.4381111111111 -3.68888888888889 28010 
11331 40.4238888888889 -3.71269444444444 28008 
14260 40.4343416666667 -3.70580555555556 28015 
8125 40.3398611111111 -3.74063888888889 28916 
10118 40.3529722222222 -3.68225 28000 
14707 40.4413361111111 -3.67988888888889 28006 
5068 40.3914444444444 -3.67266666666667 28018 
11427 40.437 -3.68133333333333 28006 
5084 40.3944194444444 -3.66522222222222 28018 
11293 40.4345388888889 -3.676925 28006 
8984 40.3815 -3.70155555555556 28026 
12095 40.4233055555556 -3.68869444444444 28001 
7946 40.3730555555556 -3.76277777777778 28044 
4869 40.3804555555556 -3.69391111111111 28041 
9979 40.4195277777778 -3.70763888888889 28013 
9344 40.4059166666667 -3.69731111111111 28012 
9996 40.4228888888889 -3.69902777777778 28004 
5180 40.3935555555556 -3.68002777777778 28045 
8236 40.3783888888889 -3.77066666666667 28044 
9591 40.4254111111111 -3.72697777777778 28008 
7975 40.3271944444444 -3.74369444444444 28914 
8999 40.4519166666667 -3.7135 28040 
5407 40.4053888888889 -3.67705555555556 28007 
59587 40.3859055555556 -3.74006666666667 28044 
14819 40.4068888888889 -3.70627777777778 28005 
12546 40.4146944444444 -3.70905555555556 28005 
12173 40.3848611111111 -3.69211111111111 28026 
11397 40.4283888888889 -3.70555555555556 28015 
7723 40.3405555555556 -3.74470555555556 28916 
12113 40.4283333333333 -3.67338888888889 28006 
9537 40.40065 -3.69273888888889 28045 
59681 40.4143888888889 -3.71138888888889 28005 
12269 40.4073055555556 -3.71011111111111 28005 
14465 40.4353027777778 -3.70142222222222 28010 
8555 40.3649722222222 -3.65852777777778 28031 
7925 40.402 -3.69802777777778 28045 
11389 40.4373055555556 -3.70316666666667 28015 
9237 40.3768055555556 -3.75130555555556 28044 
11660 40.4358055555556 -3.70272222222222 28010 
8724 40.4093888888889 -3.67766666666667 28014 
8467 40.4211111111111 -3.70638888888889 28013 
9763 40.32725 -3.75783333333333 28914 
7882 40.3968611111111 -3.76202777777778 28024 
11558 40.4363888888889 -3.685 28006 
10085 40.4195583333333 -3.70111111111111 28013 
58702 40.3874166666667 -3.73769444444444 28025 
12726 40.4026472222222 -3.70094722222222 28005 
9585 40.3900555555556 -3.73911111111111 28025 
8226 40.4058055555556 -3.75275 28011 
9594 40.4243888888889 -3.72202777777778 28008 
62581 40.4059388888889 -3.71518888888889 28005 
9478 40.3924444444444 -3.72002777777778 28019 
9472 40.4086944444444 -3.70283333333333 28012 
10045 40.4178888888889 -3.70777777777778 28013 
11509 40.4295 -3.69380555555556 28010 
12440 40.3271944444444 -3.74369444444444 28914 
8244 40.3405555555556 -3.74470555555556 28916 
9263 40.3777777777778 -3.6655 28018 
11299 40.4273972222222 -3.68129166666667 28001 
8329 40.3988888888889 -3.70113888888889 28005 
8874 40.3911388888889 -3.71425 28019 
11894 40.4276111111111 -3.68702777777778 28001 
8235 40.41075 -3.74869444444444 28011 
11309 40.432 -3.71416666666667 28015 
11373 40.4247305555556 -3.69186111111111 28004 
59269 40.4211111111111 -3.69116666666667 28014 
8627 40.4044722222222 -3.69216666666667 28045 
8496 40.4178055555556 -3.69944444444444 28014 
11574 40.4241944444444 -3.70733611111111 28015 
8403 40.3881111111111 -3.69977777777778 28026 
12142 40.4303055555556 -3.68222222222222 28001 
9462 40.3806666666667 -3.74041666666667 28044 
4418 40.3770944444444 -3.658925 28018 
10038 40.4178888888889 -3.70777777777778 28013 
7768 40.3378888888889 -3.75505555555556 28915 
4707 40.3914111111111 -3.64758611111111 28038 
10626 40.4519166666667 -3.7135 28040 
12717 40.4390277777778 -3.6979 28010 
11627 40.4169027777778 -3.69410833333333 28014 
10084 40.4326111111111 -3.67855555555556 28006 
14202 40.424 -3.68188888888889 28001 
4686 40.3836944444444 -3.65644166666667 28018 
7951 40.3969222222222 -3.71036111111111 28019 
9974 40.4135 -3.69716666666667 28012 
9367 40.3939777777778 -3.71099166666667 28019 
14456 40.4341666666667 -3.66916666666667 28028 
8944 40.3815 -3.70155555555556 28026 
8130 40.3361666666667 -3.72063888888889 28021 
12793 40.417 -3.70775 28005 
10591 40.3887 -3.72887222222222 28019 
7690 40.402 -3.69802777777778 28045 
10129 40.3865555555556 -3.722125 28025 
4662 40.39275 -3.69333333333333 28045 
7968 40.3843333333333 -3.70841666666667 28026 
10100 40.4256111111111 -3.69916666666667 28004 
60536 40.4338888888889 -3.69972222222222 28010 
7874 40.3330277777778 -3.74827777777778 28915 
11347 40.4206111111111 -3.688 28014 
11652 40.4212444444444 -3.67389444444444 28009 
12451 40.3361666666667 -3.72063888888889 28021 
11329 40.4293055555556 -3.7025 28004 
9512 40.3988888888889 -3.70113888888889 28005 
11363 40.4228888888889 -3.69902777777778 28004 
60494 40.4030083333333 -3.69435 28045 
10540 40.4254111111111 -3.72697777777778 28008 
7728 40.3238333333333 -3.72613888888889 28903 
7661 40.4495 -3.70552777777778 28039 
9140 40.4041666666667 -3.70166666666667 28005 
11932 40.4256111111111 -3.69916666666667 28004 
9104 40.3783888888889 -3.77066666666667 28044 
12907 40.4091944444444 -3.67772222222222 28014 
9031 40.4137472222222 -3.71236666666667 28005 
10997 40.4076944444444 -3.6965 28012 
9973 40.4158055555556 -3.67258333333333 28009 
11672 40.4241666666667 -3.6865 28001 
8807 40.4096111111111 -3.71244444444444 28005 
10579 40.38 -3.72977777777778 28025 
9127 40.3730555555556 -3.76277777777778 28044 
9246 40.3837777777778 -3.76472222222222 28044 
11085 40.4044722222222 -3.69216666666667 28045 
8581 40.3889722222222 -3.65938888888889 28018 
7807 40.4131944444444 -3.73561111111111 28011 
14679 40.3804555555556 -3.69391111111111 28041 
12724 40.4256944444444 -3.69372222222222 28004 
12170 40.3978611111111 -3.65913888888889 28038 
5411 40.4088888888889 -3.68636111111111 28014 
8420 40.3730555555556 -3.76277777777778 28044 
8422 40.3946111111111 -3.70722222222222 28019 
4952 40.4006111111111 -3.68977777777778 28045 
7860 40.3398611111111 -3.74063888888889 28916 
11280 40.4143888888889 -3.69975 28012 
62342 40.4341111111111 -3.69438888888889 28010 
14829 40.4251111111111 -3.71005555555556 28008 
59985 40.4366111111111 -3.68825 28010 
9770 40.4499722222222 -3.70225 28020 
9050 40.3738055555556 -3.74794166666667 28044 
58545 40.4256388888889 -3.67388888888889 28009 
12623 40.4276111111111 -3.68702777777778 28001 
9245 40.4411944444444 -3.71513888888889 28040 
7709 40.3238333333333 -3.72613888888889 28903 
9976 40.4143888888889 -3.70627777777778 28005 
7967 40.3843333333333 -3.70841666666667 28026 
8463 40.4228888888889 -3.69902777777778 28004 
60818 40.3793361111111 -3.74713611111111 28044 
9347 40.3699805555556 -3.70233611111111 28041 
58627 40.3266194444444 -3.71475833333333 28903 
11621 40.4261111111111 -3.6965 28004 
9977 40.4371944444444 -3.71455555555556 28015 
11620 40.4246111111111 -3.67827777777778 28009 
8477 40.4208083333333 -3.67458333333333 28009 
9092 40.3935555555556 -3.68002777777778 28045 
11635 40.43175 -3.67558333333333 28006 
10071 40.4384166666667 -3.67669444444444 28006 
10348 40.4336944444444 -3.72333333333333 28008 
11625 40.4264277777778 -3.71376944444444 28008 
9229 40.3843333333333 -3.70841666666667 28026 
4401 40.3837277777778 -3.64821111111111 28038 
9540 40.3939444444444 -3.72327777777778 28019 
4542 40.3777777777778 -3.6655 28018 
7700 40.3308611111111 -3.76263888888889 28910 
7790 40.4095555555556 -3.76558333333333 28011 
58520 40.4278055555556 -3.70991666666667 28015 
9598 40.3672222222222 -3.72611111111111 28025 
12783 40.4158055555556 -3.70416666666667 28012 
14122 40.4165 -3.70627777777778 28012 
4950 40.3944194444444 -3.66522222222222 28018 
8996 40.4045 -3.74038888888889 28047 
5096 40.39275 -3.69333333333333 28045 
8476 40.4169027777778 -3.69410833333333 28014 
8458 40.4206111111111 -3.70297222222222 28013 
12479 40.4233055555556 -3.68869444444444 28001 
5095 40.3920833333333 -3.65616666666667 28018 
14219 40.4177027777778 -3.70947222222222 28013 
13591 40.4164444444444 -3.71177777777778 28013 
58564 40.4191111111111 -3.70411111111111 28013 
8022 40.3210833333333 -3.71716666666667 28903 
8840 40.3946111111111 -3.70722222222222 28019 
11372 40.4323888888889 -3.70652777777778 28015 
7668 40.3961944444444 -3.69741666666667 28045 
8473 40.4205 -3.70111111111111 28013 
8498 40.4277027777778 -3.68800833333333 28001 
10665 40.3314138888889 -3.75318611111111 28915 
8955 40.4058055555556 -3.75275 28011 
7900 40.3881111111111 -3.69977777777778 28026 
14227 40.417 -3.70430555555556 28012 
58647 40.4317361111111 -3.68721388888889 28006 
9329 40.3840833333333 -3.72772222222222 28025 
12148 40.4420555555556 -3.68194444444444 28006 
7662 40.3572222222222 -3.70377777777778 28041 
9397 40.4096111111111 -3.71244444444444 28005 
11640 40.4234194444444 -3.70143888888889 28004 
54886 40.4258833333333 -3.71097222222222 28008 
12782 40.415875 -3.69821666666667 28014 
5176 40.3889722222222 -3.65938888888889 28018 
4872 40.4093888888889 -3.67766666666667 28014 
13516 40.4131944444444 -3.73561111111111 28011 
13929 40.424 -3.68188888888889 28001 
9578 40.4095555555556 -3.76558333333333 28011 
60128 40.4116111111111 -3.69977777777778 28012 
60161 40.4266944444444 -3.69980555555556 28004 
8556 40.3459166666667 -3.67038888888889 28051 
12136 40.4236944444444 -3.69644444444444 28004 
9827 40.4452777777778 -3.72 28040 
9492 40.3849 -3.71 28026 
9825 40.3207222222222 -3.69027777777778 28906 
9158 40.38725 -3.73447222222222 28025 
9589 40.4103888888889 -3.69977777777778 28012 
8470 40.417 -3.70430555555556 28012 
9225 40.4499722222222 -3.70225 28020 
12056 40.4419722222222 -3.67888888888889 28002 
8164 40.3405555555556 -3.74470555555556 28916 
9064 40.4495 -3.70552777777778 28039 
12067 40.4168416666667 -3.70355277777778 28012 
5156 40.3601666666667 -3.69463888888889 28041 
14335 40.4361111111111 -3.69255555555556 28010 
4865 40.3978611111111 -3.65913888888889 28038 
8739 40.4073888888889 -3.69047222222222 28045 
11420 40.4247722222222 -3.68061944444444 28001 
9082 40.4063888888889 -3.69441666666667 28045 
9107 40.3976388888889 -3.66388888888889 28038 
9396 40.4495 -3.70552777777778 28039 
4530 40.3914111111111 -3.64758611111111 28038 
5102 40.3928861111111 -3.65259166666667 28018 
8811 40.3996388888889 -3.77413888888889 28024 
11560 40.4295 -3.69380555555556 28010 
9458 40.3919444444444 -3.76172222222222 28024 
8358 40.4058055555556 -3.71169444444444 28005 
9051 40.45275 -3.70938888888889 28039 
8993 40.4281944444444 -3.71605555555556 28008 
18840 40.38725 -3.74304166666667 28047 
14714 40.4243888888889 -3.68666666666667 28001 
12931 40.4343805555556 -3.67533888888889 28006 
8487 40.4323888888889 -3.71166666666667 28015 
10082 40.4321111111111 -3.69947222222222 28010 
56576 40.4190194444444 -3.68756944444444 28014 
14071 40.4181944444444 -3.69541666666667 28014 
13600 40.4413361111111 -3.67988888888889 28006 
11233 40.3719777777778 -3.72935 28025 
9993 40.4328888888889 -3.66894444444444 28028 
65136 40.4365444444444 -3.71676944444444 28015 
14199 40.4452777777778 -3.72 28040 
8402 40.3996388888889 -3.77413888888889 28024 
5363 40.3777777777778 -3.6655 28018 
8760 40.3920833333333 -3.65616666666667 28018 
11649 40.4308055555556 -3.67825 28001 
14972 40.4303888888889 -3.70063888888889 28010 
11911 40.4321111111111 -3.69947222222222 28010 
5383 40.3914111111111 -3.64758611111111 28038 
8008 40.3572222222222 -3.70377777777778 28041 
58544 40.4278055555556 -3.70991666666667 28015 
8584 40.4020833333333 -3.67336111111111 28007 
10463 40.4243888888889 -3.72202777777778 28008 
7816 40.3957777777778 -3.76794444444444 28024 
12140 40.4228888888889 -3.70875 28013 
12780 40.419 -3.69727777777778 28014 
14931 40.4169083333333 -3.70076388888889 28012 
8573 40.3914444444444 -3.67266666666667 28018 
9398 40.4111944444444 -3.70516666666667 28012 
12074 40.425325 -3.70106944444444 28004 
10069 40.4286944444444 -3.69044444444444 28010 
54883 40.3966 -3.67683055555556 28045 
8462 40.4323888888889 -3.70652777777778 28015 
7825 40.4058055555556 -3.71169444444444 28005 
9394 40.3806666666667 -3.74041666666667 28044 
9019 40.4096944444444 -3.72897222222222 28011 
4790 40.4044722222222 -3.69216666666667 28045 
8835 40.3803888888889 -3.78452777777778 28044 
8943 40.3975 -3.71886111111111 28019 
10876 40.3271944444444 -3.74369444444444 28914 
8915 40.3961944444444 -3.69741666666667 28045 
10634 40.3672222222222 -3.72611111111111 28025 
13116 40.4283055555556 -3.6785 28001 
11571 40.4263055555556 -3.67391666666667 28009 
60353 40.4238055555556 -3.67877777777778 28009 
8798 40.3815 -3.70155555555556 28026 
4708 40.4093888888889 -3.67766666666667 28014 
9558 40.3863166666667 -3.71587777777778 28026 
11725 40.4233333333333 -3.69305555555556 28004 
13120 40.4311944444444 -3.67425 28006 
10094 40.43175 -3.67558333333333 28006 
8308 40.4058055555556 -3.75275 28011 
9998 40.4231111111111 -3.70527777777778 28004 
10466 40.3924444444444 -3.72002777777778 28019 
9626 40.4118361111111 -3.71208333333333 28005 
14762 40.4233055555556 -3.69644444444444 28004 
13518 40.4041944444444 -3.69577777777778 28045 
11288 40.4233055555556 -3.68869444444444 28001 
12147 40.4238888888889 -3.71269444444444 28008 
10090 40.4271944444444 -3.69597222222222 28004 
11297 40.4358888888889 -3.69633333333333 28010 
8513 40.4135805555556 -3.69414166666667 28014 
59253 40.3875055555556 -3.72647222222222 28019 
13650 40.4344444444444 -3.67222222222222 28006 
9990 40.4338055555556 -3.67358333333333 28006 
14312 40.4388888888889 -3.695 28010 
7685 40.3975083333333 -3.69334166666667 28045 
54902 40.429 -3.68586111111111 28001 
9062 40.39275 -3.69333333333333 28045 
11524 40.4254111111111 -3.72697777777778 28008 
10287 40.3849 -3.71 28026 
8495 40.4141944444444 -3.70425 28012 
8900 40.3988888888889 -3.694 28045 
8484 40.4141944444444 -3.70425 28012 
7773 40.3378888888889 -3.75505555555556 28915 
7683 40.389 -3.75269444444444 28047 
60130 40.4221111111111 -3.69613888888889 28004 
7949 40.4113055555556 -3.70830555555556 28005 
8471 40.4371111111111 -3.70908333333333 28015 
14501 40.44 -3.68788888888889 28006 
15071 40.4184666666667 -3.68816111111111 28014 
9374 40.3939444444444 -3.72327777777778 28019 
10056 40.4238888888889 -3.71269444444444 28008 
8376 40.3768055555556 -3.75130555555556 28044 
12502 40.3884111111111 -3.66729166666667 28018 
7789 40.3139166666667 -3.71594444444444 28903 
58632 40.4238888888889 -3.69438888888889 28004 
60007 40.4255333333333 -3.70539722222222 28004 
12122 40.4371111111111 -3.70908333333333 28015 
12695 40.4295 -3.72736111111111 28008 
9997 40.4307694444444 -3.69960833333333 28010 
13585 40.4333055555556 -3.69611111111111 28010 
12141 40.4366944444444 -3.71194444444444 28015 
9128 40.4113055555556 -3.70830555555556 28005 
12438 40.3361666666667 -3.72063888888889 28021 
11809 40.4281111111111 -3.69861111111111 28004 
8958 40.3837777777778 -3.76472222222222 28044 
14982 40.4141944444444 -3.70938888888889 28005 
23781 40.3626944444444 -3.67586111111111 28018 
11351 40.4283333333333 -3.67338888888889 28006 
9157 40.41 -3.70297222222222 28012 
7830 40.3330277777778 -3.74827777777778 28915 
14191 40.4281944444444 -3.70536111111111 28004 
8866 40.4295 -3.72736111111111 28008 
10093 40.4313888888889 -3.67788888888889 28001 
13604 40.4346944444444 -3.68194444444444 28006 
13122 40.4151944444444 -3.69286111111111 28014 
60619 40.4041111111111 -3.69208333333333 28045 
12109 40.4351944444444 -3.68972222222222 28010 
14201 40.4351944444444 -3.68972222222222 28010 
9928 40.3840833333333 -3.72772222222222 28025 
11346 40.4281944444444 -3.70222222222222 28004 
4704 40.4047722222222 -3.67174166666667 28007 
59443 40.4133055555556 -3.69694444444444 28014 
9776 40.4058055555556 -3.71169444444444 28005 
59356 40.4081944444444 -3.68197222222222 28014 
12794 40.4338888888889 -3.70711111111111 28015 
12062 40.4351805555556 -3.67224444444444 28028 
9560 40.3838527777778 -3.72863888888889 28025 
8945 40.3793361111111 -3.74713611111111 28044 
7676 40.3837777777778 -3.76472222222222 28044 
5099 40.3529722222222 -3.68225 28000 
5526 40.3649722222222 -3.65852777777778 28031 
12139 40.4256944444444 -3.69372222222222 28004 
60686 40.432575 -3.68109722222222 28006 
8493 40.4328888888889 -3.66894444444444 28028 
10046 40.4407777777778 -3.68136111111111 28006 
8224 40.4131944444444 -3.73561111111111 28011 
11922 40.4178888888889 -3.68805555555556 28014 
8490 40.4181944444444 -3.70386111111111 28013 
11569 40.4266111111111 -3.6795 28001 
7782 40.3210833333333 -3.71716666666667 28903 
12658 40.4101944444444 -3.70613888888889 28005 
7919 40.3996388888889 -3.77413888888889 28024 
9410 40.4148055555556 -3.71833333333333 28005 
10294 40.4096944444444 -3.72897222222222 28011 
10134 40.4333055555556 -3.7195 28008 
7827 40.4063888888889 -3.699 28012 
9503 40.4411944444444 -3.71513888888889 28040 
11677 40.4263055555556 -3.67391666666667 28009 
11943 40.4381111111111 -3.68888888888889 28010 
64880 40.4271888888889 -3.67744444444444 28001 
10341 40.4021111111111 -3.71072222222222 28005 
58325 40.4505527777778 -3.71058333333333 28040 
9867 40.4311111111111 -3.71777777777778 28008 
13132 40.4486111111111 -3.70305555555556 28039 
8721 40.3459166666667 -3.67038888888889 28051 
7652 40.4071388888889 -3.72041666666667 28005 
32069 40.4304805555556 -3.66942222222222 28009 
8492 40.4191944444444 -3.70297222222222 28013 
60608 40.4083888888889 -3.67297222222222 28007 
14246 40.4283583333333 -3.71255555555556 28008 
7979 40.38 -3.72977777777778 28025 
4717 40.3689444444444 -3.68944444444444 28041 
8486 40.4244444444444 -3.70749166666667 28015 
4669 40.3928861111111 -3.65259166666667 28018 
11439 40.4223055555556 -3.68611111111111 28014 
13144 40.4178888888889 -3.68805555555556 28014 
12656 40.4420555555556 -3.68194444444444 28006 
9639 40.4281944444444 -3.71605555555556 28008 
7892 40.4317972222222 -3.71992777777778 28008 
8647 40.4053888888889 -3.67705555555556 28007 
7952 40.38725 -3.73447222222222 28025 
10109 40.432 -3.71416666666667 28015 
13146 40.4295 -3.69380555555556 28010 
9039 40.4333055555556 -3.7195 28008 
10047 40.4253055555556 -3.70777777777778 28015 
12077 40.4169027777778 -3.69410833333333 28014 
8483 40.4313888888889 -3.68444444444444 28006 
15105 40.3207222222222 -3.69027777777778 28906 
4907 40.406 -3.67291666666667 28007 
11418 40.4231111111111 -3.70527777777778 28004 
9024 40.3631666666667 -3.69491666666667 28041 
10080 40.4205 -3.70111111111111 28013 
9978 40.4244444444444 -3.70749166666667 28015 
5138 40.3935555555556 -3.68002777777778 28045 
8697 40.3848611111111 -3.69211111111111 28026 
58622 40.3961 -3.67433888888889 28045 
58205 40.4314166666667 -3.68591666666667 28001 
10006 40.4358055555556 -3.70272222222222 28010 
8230 40.4333055555556 -3.7195 28008 
8408 40.3946111111111 -3.70722222222222 28019 
10099 40.4343055555556 -3.69688888888889 28010 
9252 40.3803888888889 -3.78452777777778 28044 
9316 40.3699805555556 -3.70233611111111 28041 
14602 40.41075 -3.74869444444444 28011 
7962 40.3738055555556 -3.74794166666667 28044 
12673 40.4178888888889 -3.67208333333333 28009 
14534 40.4095555555556 -3.76558333333333 28011 
8598 40.3837277777778 -3.64821111111111 28038 
8047 40.3452777777778 -3.72416666666667 28917 
8415 40.3968611111111 -3.76202777777778 28024 
11483 40.4148055555556 -3.71833333333333 28005 
14398 40.4253611111111 -3.66713888888889 28028 
11648 40.4351305555556 -3.70826388888889 28015 
14248 40.4261111111111 -3.68194444444444 28001 
7731 40.3139166666667 -3.71594444444444 28903 
13433 40.3626944444444 -3.67586111111111 28018 
10048 40.4283611111111 -3.70787222222222 28015 
8611 40.4006111111111 -3.68977777777778 28045 
59005 40.421 -3.70477777777778 28013 
58471 40.4278055555556 -3.70991666666667 28015 
4398 40.3928861111111 -3.65259166666667 28018 
9992 40.4246111111111 -3.67827777777778 28009 
8800 40.3881111111111 -3.69977777777778 28026 
8687 40.4086111111111 -3.69233333333333 28012 
8374 40.3926388888889 -3.72638888888889 28019 
12998 40.4155472222222 -3.69490277777778 28014 
8075 40.3330277777778 -3.74827777777778 28915 
4905 40.3920833333333 -3.65616666666667 28018 
15003 40.4311944444444 -3.69163888888889 28010 
8976 40.4021111111111 -3.71072222222222 28005 
8474 40.432 -3.71416666666667 28015 
7924 40.389 -3.75269444444444 28047 
12622 40.4251944444444 -3.70597222222222 28004 
8844 40.4063888888889 -3.699 28012 
11282 40.4205 -3.70111111111111 28013 
8901 40.3957777777778 -3.76794444444444 28024 
66291 40.4300916666667 -3.68354444444444 28001 
8310 40.3886722222222 -3.72201666666667 28019 
10117 40.3927527777778 -3.66916666666667 28018 
8006 40.3631666666667 -3.69491666666667 28041 
8457 40.4109055555556 -3.69505555555556 28012 
11442 40.4241972222222 -3.70283055555556 28004 
5280 40.3906666666667 -3.68636111111111 28045 
8479 40.4266111111111 -3.6795 28001 
20139 40.3649722222222 -3.65852777777778 28031 
12124 40.4244444444444 -3.70749166666667 28015 
7983 40.3886722222222 -3.72201666666667 28019 
8475 40.4371944444444 -3.71455555555556 28015 
12706 40.4158055555556 -3.67258333333333 28009 
10044 40.4193416666667 -3.67333333333333 28009 
14849 40.4190833333333 -3.67047222222222 28009 
66683 40.4113055555556 -3.71066666666667 28005 
12165 40.3806666666667 -3.74041666666667 28044 
60276 40.4347361111111 -3.71263333333333 28015 
8847 40.4036944444444 -3.70894444444444 28005 
12051 40.4341111111111 -3.71533333333333 28015 
18797 40.4493527777778 -3.70019166666667 28020 
55884 40.4250055555556 -3.67046388888889 28009 
12073 40.4188055555556 -3.70691666666667 28013 
4664 40.3831666666667 -3.66875 28018 
9124 40.451 -3.69947222222222 28020 
8884 40.45275 -3.70938888888889 28039 
14702 40.4271944444444 -3.69166666666667 28004 
11370 40.4313888888889 -3.71438888888889 28015 
12132 40.4178888888889 -3.70777777777778 28013 
11576 40.4316111111111 -3.69175 28010 
13525 40.4331944444444 -3.71625 28008 
10015 40.3626944444444 -3.67586111111111 28018 
8009 40.3886722222222 -3.72201666666667 28019 
12439 40.3207222222222 -3.69027777777778 28906 
10533 40.3987305555556 -3.71469722222222 28019 
8528 40.3836944444444 -3.65644166666667 28018 
9983 40.4148888888889 -3.69772222222222 28014 
4412 40.38795 -3.65166944444444 28038 
64091 40.4392972222222 -3.69345555555556 28010 
8879 40.4126111111111 -3.70672222222222 28012 
8240 40.4243888888889 -3.72202777777778 28008 
11367 40.4271944444444 -3.69597222222222 28004 
11378 40.4271944444444 -3.69597222222222 28004 
58608 40.4256388888889 -3.67388888888889 28009 
11366 40.4351805555556 -3.67224444444444 28028 
8355 40.3975 -3.71886111111111 28019 
13601 40.3986111111111 -3.70194444444444 28005 
11314 40.4208083333333 -3.67458333333333 28009 
12771 40.4386111111111 -3.68127777777778 28006 
4791 40.3848611111111 -3.69211111111111 28026 
7996 40.3378888888889 -3.75505555555556 28915 
11906 40.4196944444444 -3.67519444444444 28009 
12827 40.4321888888889 -3.67209166666667 28006 
8396 40.38 -3.72977777777778 28025 
59972 40.4322222222222 -3.66963888888889 28028 
13268 40.4316944444444 -3.68297222222222 28006 
8972 40.4045 -3.74038888888889 28047 
13140 40.4375194444444 -3.69204722222222 28010 
12022 40.4276111111111 -3.68702777777778 28001 
8480 40.4141944444444 -3.70425 28012 
8591 40.3831666666667 -3.66875 28018 
12784 40.4108055555556 -3.69222222222222 28012 
9801 40.3238333333333 -3.72613888888889 28903 
8327 40.4071388888889 -3.72041666666667 28005 
8512 40.4198888888889 -3.70202777777778 28013 
11678 40.4321111111111 -3.69947222222222 28010 
5067 40.3689444444444 -3.68944444444444 28041 
8600 40.4006111111111 -3.68977777777778 28045 
10098 40.4316111111111 -3.69175 28010 
10060 40.4293055555556 -3.7025 28004 
12093 40.4226944444444 -3.70616666666667 28013 
12061 40.4146111111111 -3.70125 28012 
7863 40.3572222222222 -3.70377777777778 28041 
8461 40.4303055555556 -3.68222222222222 28001 
14765 40.431 -3.72075 28008 
11895 40.4354944444444 -3.71390277777778 28015 
11379 40.4343055555556 -3.69688888888889 28010 
10291 40.4018055555556 -3.69711111111111 28045 
8466 40.4376111111111 -3.69369444444444 28010 
57156 40.4250055555556 -3.67046388888889 28009 
12059 40.4323888888889 -3.71166666666667 28015 
18687 40.4278055555556 -3.71769444444444 28008 
10078 40.4186111111111 -3.67663888888889 28009 
8543 40.3939111111111 -3.69228611111111 28045 
5154 40.3948333333333 -3.65855555555556 28038 
8880 40.3900555555556 -3.73911111111111 28025 
67469 40.429 -3.68277777777778 28001 
10067 40.437 -3.68133333333333 28006 
56191 40.3874166666667 -3.73769444444444 28025 
4517 40.3689444444444 -3.68944444444444 28041 
8478 40.4313888888889 -3.67788888888889 28001 
12069 40.4256944444444 -3.69372222222222 28004 
8332 40.3727361111111 -3.71583611111111 28041 
10522 40.404275 -3.71169166666667 28005 
12135 40.432675 -3.71318333333333 28015 
11823 40.4223944444444 -3.69825555555556 28004 
11337 40.437975 -3.69670555555556 28010 
10003 40.4371111111111 -3.70908333333333 28015 
4533 40.3601666666667 -3.69463888888889 28041 
8379 40.3840833333333 -3.72772222222222 28025 
8946 40.402 -3.69802777777778 28045 
9108 40.4087611111111 -3.69509166666667 28012 
7738 40.3308611111111 -3.76263888888889 28910 
7715 40.3210833333333 -3.71716666666667 28903 
13312 40.4155 -3.72766666666667 28011 
12063 40.4371388888889 -3.68387222222222 28006 
10052 40.4369444444444 -3.67618333333333 28006 
64246 40.435 -3.70361111111111 28015 
9454 40.4141111111111 -3.70927777777778 28005 
4831 40.3831666666667 -3.66875 28018 
14491 40.3264166666667 -3.71991666666667 28903 
12640 40.416 -3.70694444444444 28005 
9984 40.4308055555556 -3.67261111111111 28006 
7656 40.3919444444444 -3.76172222222222 28024 
11212 40.4041666666667 -3.70222222222222 28005 
10041 40.4135 -3.69716666666667 28012 
8141 40.3452777777778 -3.72416666666667 28917 
11428 40.4293055555556 -3.7025 28004 
